1 1004.68 0.995343 0.811583 0.0439412
Generasi Ke-1
Jarak Total: 1238.89
Solusi Optimal: 1
Best member:
1 15 7 4 29 5 12 9 19 25 31 17 27 28 23 30 6 26 21 11 16 10 14 8 2 13 22 18 3 24 20 
2 1004.68 0.995343 0.817334 0.0464296
Generasi Ke-2
Jarak Total: 1244.4
Solusi Optimal: 1
Best member:
1 6 15 27 17 8 2 13 31 25 28 30 19 9 23 11 26 21 29 12 5 24 3 4 7 16 10 14 20 22 18 
3 1004.68 0.995343 0.821896 0.0466608
Generasi Ke-3
Jarak Total: 1286.8
Solusi Optimal: 1
Best member:
1 28 30 16 23 10 9 19 15 25 27 21 29 24 4 7 8 17 31 6 14 20 22 2 13 11 12 5 3 18 26 
4 981.539 1.01881 0.824144 0.0480864
Generasi Ke-4
Jarak Total: 1161.59
Solusi Optimal: 1
Best member:
1 27 15 7 4 24 29 9 19 30 25 28 13 2 22 8 17 31 6 23 10 16 11 26 21 14 18 3 5 12 20 
5 981.539 1.01881 0.824837 0.0502012
Generasi Ke-5
Jarak Total: 1242.57
Solusi Optimal: 1
Best member:
1 31 13 2 8 17 27 15 6 7 4 3 24 9 19 30 25 28 21 16 23 10 12 5 29 22 20 14 11 26 18 
6 937.83 1.06629 0.832063 0.0539083
Generasi Ke-6
Jarak Total: 981.539
Solusi Optimal: 1
Best member:
19 28 30 1 25 15 27 8 17 31 21 6 26 11 16 10 23 9 29 12 5 24 3 4 7 14 18 20 22 2 13 
7 937.83 1.06629 0.834265 0.0516633
Generasi Ke-7
Jarak Total: 1305.49
Solusi Optimal: 1
Best member:
26 11 16 10 23 24 30 6 17 31 27 15 7 9 19 25 28 1 21 8 14 4 22 2 13 20 18 3 5 29 12 
8 937.83 1.06629 0.841561 0.0548151
Generasi Ke-8
Jarak Total: 1140.14
Solusi Optimal: 1
Best member:
1 27 15 7 4 24 29 9 19 30 25 28 13 2 22 8 17 31 21 6 26 11 16 10 23 14 18 3 5 12 20 
9 930.981 1.07414 0.849321 0.0583296
Generasi Ke-9
Jarak Total: 1222.6
Solusi Optimal: 1
Best member:
1 27 15 7 4 24 29 9 19 30 25 28 31 13 17 6 11 26 21 8 14 20 22 2 3 5 23 10 12 16 18 
10 930.981 1.07414 0.857147 0.0617199
Generasi Ke-10
Jarak Total: 1111.65
Solusi Optimal: 1
Best member:
23 10 16 11 26 21 28 25 30 19 9 3 24 4 7 17 2 8 6 27 15 13 31 1 29 12 5 18 20 14 22 
11 930.981 1.07414 0.860618 0.061783
Generasi Ke-11
Jarak Total: 1222.6
Solusi Optimal: 1
Best member:
1 27 15 7 4 24 29 9 19 30 25 28 31 13 17 6 11 26 21 8 14 20 22 2 3 5 23 10 12 16 18 
12 930.981 1.07414 0.863731 0.062556
Generasi Ke-12
Jarak Total: 1303.26
Solusi Optimal: 1
Best member:
1 25 15 7 19 4 3 8 27 31 17 22 20 18 14 30 21 28 6 23 10 9 5 29 24 13 2 16 11 26 12 
13 930.981 1.07414 0.867455 0.0662864
Generasi Ke-13
Jarak Total: 951.698
Solusi Optimal: 1
Best member:
19 4 3 24 5 12 29 9 23 10 16 11 26 6 30 21 17 8 27 15 31 1 25 28 7 14 18 20 22 2 13 
14 930.981 1.07414 0.873223 0.0703073
Generasi Ke-14
Jarak Total: 1160.96
Solusi Optimal: 1
Best member:
30 24 3 4 7 25 28 1 31 13 2 8 17 27 6 15 21 26 11 23 9 19 18 22 14 16 10 12 5 29 20 
15 925.363 1.08066 0.877029 0.0710288
Generasi Ke-15
Jarak Total: 1109.5
Solusi Optimal: 1
Best member:
15 7 4 29 12 5 9 19 25 1 21 30 6 27 17 8 2 13 28 3 24 23 10 16 11 14 22 18 20 31 26 
16 925.363 1.08066 0.888664 0.0780599
Generasi Ke-16
Jarak Total: 1193.12
Solusi Optimal: 1
Best member:
1 31 13 2 8 17 27 15 6 7 4 3 24 9 19 30 11 26 21 28 25 16 10 23 29 12 5 18 20 14 22 
17 861.745 1.16044 0.901504 0.0791775
Generasi Ke-17
Jarak Total: 1208.76
Solusi Optimal: 1
Best member:
28 6 26 11 23 9 19 30 1 25 31 13 2 8 17 27 22 20 14 10 16 7 3 4 24 5 12 29 21 15 18 
18 861.745 1.16044 0.905011 0.0783956
Generasi Ke-18
Jarak Total: 1303.26
Solusi Optimal: 1
Best member:
1 25 15 7 19 4 3 8 27 31 17 22 20 18 14 30 21 28 6 23 10 9 5 29 24 13 2 16 11 26 12 
19 861.745 1.16044 0.911821 0.0796913
Generasi Ke-19
Jarak Total: 1263.97
Solusi Optimal: 1
Best member:
1 27 15 7 4 24 29 9 19 30 25 28 31 17 8 14 5 12 13 2 22 20 18 23 21 10 16 11 26 6 3 
20 858.782 1.16444 0.915698 0.0820213
Generasi Ke-20
Jarak Total: 1222.97
Solusi Optimal: 1
Best member:
1 25 15 9 19 4 3 18 27 31 28 30 23 16 11 26 6 21 17 13 2 22 14 24 7 10 12 5 29 8 20 
21 858.782 1.16444 0.925496 0.0832871
Generasi Ke-21
Jarak Total: 1105.86
Solusi Optimal: 1
Best member:
28 15 7 4 29 5 12 9 19 25 21 6 30 23 16 11 26 1 27 13 8 14 22 2 31 24 3 18 20 17 10 
22 858.782 1.16444 0.92788 0.0854791
Generasi Ke-22
Jarak Total: 1134.51
Solusi Optimal: 1
Best member:
23 15 24 4 29 5 12 9 19 25 31 13 2 17 27 1 30 28 21 8 14 18 20 22 6 26 11 16 10 7 3 
23 858.782 1.16444 0.937989 0.0862295
Generasi Ke-23
Jarak Total: 964.991
Solusi Optimal: 1
Best member:
19 28 25 1 31 15 27 8 17 21 30 6 26 11 16 10 23 9 29 12 5 24 3 4 7 14 18 20 22 2 13 
24 848.915 1.17797 0.944972 0.0905291
Generasi Ke-24
Jarak Total: 964.991
Solusi Optimal: 1
Best member:
19 28 25 1 31 15 27 8 17 21 30 6 26 11 16 10 23 9 29 12 5 24 3 4 7 14 18 20 22 2 13 
25 848.915 1.17797 0.954428 0.0925476
Generasi Ke-25
Jarak Total: 1105.71
Solusi Optimal: 1
Best member:
15 7 4 29 12 5 9 19 25 1 21 30 6 27 17 8 2 13 28 3 24 23 10 16 11 31 22 18 20 14 26 
26 848.915 1.17797 0.965427 0.0950148
Generasi Ke-26
Jarak Total: 988.152
Solusi Optimal: 1
Best member:
23 10 16 11 26 6 21 28 30 19 9 29 12 5 3 7 4 24 14 20 22 2 13 1 25 15 27 8 17 31 18 
27 848.915 1.17797 0.976237 0.0967767
Generasi Ke-27
Jarak Total: 858.782
Solusi Optimal: 1
Best member:
19 9 23 10 16 11 26 6 30 21 17 8 15 27 31 1 25 28 29 12 5 24 3 4 7 14 18 20 22 2 13 
28 847.9 1.17938 0.991957 0.0942724
Generasi Ke-28
Jarak Total: 858.782
Solusi Optimal: 1
Best member:
19 9 23 10 16 11 26 6 30 21 17 8 15 27 31 1 25 28 29 12 5 24 3 4 7 14 18 20 22 2 13 
29 847.9 1.17938 0.995425 0.0930309
Generasi Ke-29
Jarak Total: 981.539
Solusi Optimal: 1
Best member:
19 28 30 1 25 15 27 8 17 31 21 6 26 11 16 10 23 9 29 12 5 24 3 4 7 14 18 20 22 2 13 
30 834.846 1.19783 1.00807 0.0889549
Generasi Ke-30
Jarak Total: 964.991
Solusi Optimal: 1
Best member:
19 28 25 1 31 15 27 8 17 21 30 6 26 11 16 10 23 9 29 12 5 24 3 4 7 14 18 20 22 2 13 
31 834.846 1.19783 1.0199 0.0869343
Generasi Ke-31
Jarak Total: 1191.22
Solusi Optimal: 1
Best member:
1 6 15 27 17 8 2 13 31 28 29 5 12 9 19 25 30 7 24 4 14 18 20 22 23 10 16 11 26 21 3 
32 834.846 1.19783 1.0248 0.0820408
Generasi Ke-32
Jarak Total: 1110.93
Solusi Optimal: 1
Best member:
30 19 25 28 1 15 27 8 17 31 23 10 9 12 5 29 24 4 7 21 26 11 16 6 13 2 22 20 18 14 3 
33 831.088 1.20324 1.03842 0.0764306
Generasi Ke-33
Jarak Total: 925.363
Solusi Optimal: 1
Best member:
4 3 24 5 12 29 9 23 28 30 1 15 25 27 8 17 31 21 6 26 11 16 10 19 7 14 18 20 22 2 13 
34 824.637 1.21265 1.04287 0.0740849
Generasi Ke-34
Jarak Total: 950.977
Solusi Optimal: 1
Best member:
5 12 29 9 23 10 16 31 17 8 27 15 25 19 30 28 1 6 21 11 26 24 3 4 7 14 18 20 22 2 13 
35 824.637 1.21265 1.05263 0.075336
Generasi Ke-35
Jarak Total: 950.977
Solusi Optimal: 1
Best member:
5 12 29 9 23 10 16 31 17 8 27 15 25 19 30 28 1 6 21 11 26 24 3 4 7 14 18 20 22 2 13 
36 824.637 1.21265 1.06072 0.0714297
Generasi Ke-36
Jarak Total: 858.782
Solusi Optimal: 1
Best member:
19 9 23 10 16 11 26 6 30 21 17 8 15 27 31 1 25 28 29 12 5 24 3 4 7 14 18 20 22 2 13 
37 824.637 1.21265 1.07066 0.0708821
Generasi Ke-37
Jarak Total: 941.517
Solusi Optimal: 1
Best member:
12 5 29 9 23 10 16 31 17 8 27 15 25 19 30 28 1 6 21 11 26 24 3 4 7 14 18 20 22 2 13 
38 824.637 1.21265 1.0796 0.0715927
Generasi Ke-38
Jarak Total: 930.169
Solusi Optimal: 1
Best member:
19 15 27 17 8 2 13 31 1 21 30 6 26 11 16 10 23 9 29 12 5 24 3 4 7 14 18 20 22 28 25 
39 824.637 1.21265 1.08058 0.0686077
Generasi Ke-39
Jarak Total: 971.068
Solusi Optimal: 1
Best member:
9 23 10 16 11 26 6 21 17 31 8 27 25 15 19 30 28 1 12 5 29 24 3 4 7 13 2 22 20 14 18 
40 817.929 1.2226 1.08513 0.0690495
Generasi Ke-40
Jarak Total: 930.169
Solusi Optimal: 1
Best member:
19 15 27 17 8 2 13 31 1 21 30 6 26 11 16 10 23 9 29 12 5 24 3 4 7 14 18 20 22 28 25 
41 817.929 1.2226 1.08742 0.0687407
Generasi Ke-41
Jarak Total: 858.782
Solusi Optimal: 1
Best member:
19 9 23 10 16 11 26 6 30 21 17 8 15 27 31 1 25 28 29 12 5 24 3 4 7 14 18 20 22 2 13 
42 806.039 1.24063 1.09695 0.070462
Generasi Ke-42
Jarak Total: 950.977
Solusi Optimal: 1
Best member:
5 12 29 9 23 10 16 31 17 8 27 15 25 19 30 28 1 6 21 11 26 24 3 4 7 14 18 20 22 2 13 
43 806.039 1.24063 1.1016 0.0702652
Generasi Ke-43
Jarak Total: 1086.67
Solusi Optimal: 1
Best member:
10 16 11 26 6 21 14 20 22 2 13 28 9 5 12 29 24 17 31 27 8 3 4 19 7 15 25 1 23 30 18 
44 806.039 1.24063 1.10428 0.0645079
Generasi Ke-44
Jarak Total: 950.977
Solusi Optimal: 1
Best member:
5 12 29 9 23 10 16 31 17 8 27 15 25 19 30 28 1 6 21 11 26 24 3 4 7 14 18 20 22 2 13 
45 806.039 1.24063 1.10921 0.067978
Generasi Ke-45
Jarak Total: 837.142
Solusi Optimal: 1
Best member:
19 9 23 10 16 11 26 30 6 21 17 8 15 27 31 28 25 1 7 4 3 24 5 12 29 14 18 20 22 2 13 
46 806.039 1.24063 1.11223 0.0665281
Generasi Ke-46
Jarak Total: 845.269
Solusi Optimal: 1
Best member:
19 9 23 10 16 11 26 6 30 21 17 8 15 28 25 1 31 27 29 12 5 24 3 4 7 14 18 20 22 2 13 
47 806.039 1.24063 1.11554 0.0688484
Generasi Ke-47
Jarak Total: 845.952
Solusi Optimal: 1
Best member:
19 9 23 10 16 11 26 6 30 21 17 8 15 27 31 28 25 1 29 12 5 24 3 4 7 14 18 20 22 2 13 
48 805.793 1.24101 1.11702 0.0706621
Generasi Ke-48
Jarak Total: 837.142
Solusi Optimal: 1
Best member:
19 9 23 10 16 11 26 30 6 21 17 8 15 27 31 28 25 1 7 4 3 24 5 12 29 14 18 20 22 2 13 
49 802.45 1.24618 1.12058 0.0708402
Generasi Ke-49
Jarak Total: 935.99
Solusi Optimal: 1
Best member:
5 12 29 9 23 10 16 30 19 25 27 26 11 21 6 28 1 31 17 8 15 24 3 4 7 14 18 20 22 2 13 
50 802.45 1.24618 1.12584 0.0701248
Generasi Ke-50
Jarak Total: 964.991
Solusi Optimal: 1
Best member:
19 28 25 1 31 15 27 8 17 21 30 6 26 11 16 10 23 9 29 12 5 24 3 4 7 14 18 20 22 2 13 
51 788.01 1.26902 1.13484 0.0705036
Generasi Ke-51
Jarak Total: 922.885
Solusi Optimal: 1
Best member:
5 12 29 9 23 10 16 30 19 31 27 15 8 17 25 28 1 6 21 11 26 24 3 4 7 14 18 20 22 2 13 
52 788.01 1.26902 1.13518 0.0671422
Generasi Ke-52
Jarak Total: 858.782
Solusi Optimal: 1
Best member:
19 9 23 10 16 11 26 6 30 21 17 8 15 27 31 1 25 28 29 12 5 24 3 4 7 14 18 20 22 2 13 
53 788.01 1.26902 1.13752 0.0671514
Generasi Ke-53
Jarak Total: 917.729
Solusi Optimal: 1
Best member:
9 15 27 17 8 2 13 31 1 21 30 6 26 11 16 10 23 19 29 12 5 24 3 4 7 14 18 20 22 28 25 
54 788.01 1.26902 1.14679 0.0649647
Generasi Ke-54
Jarak Total: 828.641
Solusi Optimal: 1
Best member:
19 9 23 10 16 11 26 6 30 21 1 31 13 2 8 17 27 15 29 12 5 24 3 4 7 22 18 20 14 28 25 
55 788.01 1.26902 1.15283 0.0634935
Generasi Ke-55
Jarak Total: 959.123
Solusi Optimal: 1
Best member:
19 28 25 1 31 17 27 8 15 21 30 6 26 11 16 10 23 9 29 12 5 24 3 4 7 14 18 20 22 2 13 
56 788.01 1.26902 1.16082 0.0606213
Generasi Ke-56
Jarak Total: 882.193
Solusi Optimal: 1
Best member:
19 10 16 11 26 6 30 21 17 2 31 1 27 15 25 28 23 9 29 12 5 24 3 4 7 14 18 20 22 8 13 
57 788.01 1.26902 1.16117 0.0612883
Generasi Ke-57
Jarak Total: 887.52
Solusi Optimal: 1
Best member:
19 10 16 11 26 6 30 21 17 8 27 31 1 15 25 28 23 9 29 12 5 24 3 4 7 14 18 20 22 2 13 
58 788.01 1.26902 1.16887 0.057827
Generasi Ke-58
Jarak Total: 898.726
Solusi Optimal: 1
Best member:
19 4 3 24 29 12 5 9 10 23 16 11 26 6 30 21 1 31 27 15 8 7 25 28 2 14 22 20 18 17 13 
59 788.01 1.26902 1.17324 0.0588816
Generasi Ke-59
Jarak Total: 811.823
Solusi Optimal: 1
Best member:
19 9 23 10 16 11 26 30 6 21 29 12 5 24 3 4 7 15 8 17 27 31 28 25 1 14 18 20 22 2 13 
60 788.01 1.26902 1.17605 0.0559567
Generasi Ke-60
Jarak Total: 817.272
Solusi Optimal: 1
Best member:
19 9 23 10 16 11 26 6 30 21 28 22 20 18 14 7 4 3 24 12 5 29 15 27 17 8 2 13 31 1 25 
61 788.01 1.26902 1.18071 0.0540075
Generasi Ke-61
Jarak Total: 846.431
Solusi Optimal: 1
Best member:
9 19 23 10 16 11 26 6 30 21 17 8 15 27 31 1 25 28 29 12 5 24 3 4 7 14 18 20 22 2 13 
62 788.01 1.26902 1.18503 0.0529597
Generasi Ke-62
Jarak Total: 824.637
Solusi Optimal: 1
Best member:
9 19 23 10 16 11 26 6 30 21 1 31 27 15 8 17 25 28 29 12 5 24 3 4 7 14 18 20 22 2 13 
63 788.01 1.26902 1.18544 0.0526293
Generasi Ke-63
Jarak Total: 817.117
Solusi Optimal: 1
Best member:
19 9 23 10 16 11 26 6 30 21 1 31 13 2 8 17 27 14 20 18 22 7 3 4 24 5 12 29 15 28 25 
64 788.01 1.26902 1.18593 0.0520683
Generasi Ke-64
Jarak Total: 806.039
Solusi Optimal: 1
Best member:
19 9 23 10 16 11 26 6 30 21 1 31 13 2 8 17 27 28 22 20 18 14 7 4 3 24 5 12 29 15 25 
65 788.01 1.26902 1.18784 0.0520569
Generasi Ke-65
Jarak Total: 824.637
Solusi Optimal: 1
Best member:
9 19 23 10 16 11 26 6 30 21 1 31 27 15 8 17 25 28 29 12 5 24 3 4 7 14 18 20 22 2 13 
66 788.01 1.26902 1.19333 0.0481908
Generasi Ke-66
Jarak Total: 824.637
Solusi Optimal: 1
Best member:
9 19 23 10 16 11 26 6 30 21 1 31 27 15 8 17 25 28 29 12 5 24 3 4 7 14 18 20 22 2 13 
67 788.01 1.26902 1.19719 0.0469828
Generasi Ke-67
Jarak Total: 814.825
Solusi Optimal: 1
Best member:
19 9 23 10 16 11 26 6 30 21 28 14 20 18 22 7 4 3 24 12 5 29 15 27 17 8 2 13 31 1 25 
68 788.01 1.26902 1.19947 0.0449098
Generasi Ke-68
Jarak Total: 824.637
Solusi Optimal: 1
Best member:
9 19 23 10 16 11 26 6 30 21 1 31 27 15 8 17 25 28 29 12 5 24 3 4 7 14 18 20 22 2 13 
69 779.2 1.28337 1.20322 0.0417532
Generasi Ke-69
Jarak Total: 788.01
Solusi Optimal: 1
Best member:
9 19 23 10 16 11 26 6 30 21 1 31 27 17 8 15 25 28 29 12 5 24 3 4 7 14 18 20 22 2 13 
70 779.2 1.28337 1.20594 0.0393605
Generasi Ke-70
Jarak Total: 788.01
Solusi Optimal: 1
Best member:
9 19 23 10 16 11 26 6 30 21 1 31 27 17 8 15 25 28 29 12 5 24 3 4 7 14 18 20 22 2 13 
71 779.2 1.28337 1.20848 0.0383134
Generasi Ke-71
Jarak Total: 824.637
Solusi Optimal: 1
Best member:
9 19 23 10 16 11 26 6 30 21 1 2 22 20 18 14 7 4 3 24 5 12 29 28 25 17 8 15 27 31 13 
72 779.2 1.28337 1.21157 0.0363434
Generasi Ke-72
Jarak Total: 846.431
Solusi Optimal: 1
Best member:
9 19 23 10 16 11 26 6 30 21 17 8 15 27 31 1 25 28 29 12 5 24 3 4 7 14 18 20 22 2 13 
73 779.2 1.28337 1.21655 0.0364923
Generasi Ke-73
Jarak Total: 812.314
Solusi Optimal: 1
Best member:
19 9 23 10 16 11 26 30 6 21 15 25 28 31 27 17 8 2 22 20 18 14 1 29 12 5 24 3 4 7 13 
74 779.2 1.28337 1.21733 0.0345629
Generasi Ke-74
Jarak Total: 788.01
Solusi Optimal: 1
Best member:
9 19 23 10 16 11 26 6 30 21 1 31 27 17 8 15 25 28 29 12 5 24 3 4 7 14 18 20 22 2 13 
75 779.2 1.28337 1.21779 0.0344832
Generasi Ke-75
Jarak Total: 801.224
Solusi Optimal: 1
Best member:
19 9 10 23 16 11 26 6 30 21 1 31 13 2 8 17 28 27 22 20 18 14 7 4 3 24 5 12 29 15 25 
76 779.2 1.28337 1.22222 0.0317072
Generasi Ke-76
Jarak Total: 837.819
Solusi Optimal: 1
Best member:
9 19 23 10 16 11 26 6 30 21 17 8 15 27 25 28 31 1 29 12 5 24 3 4 7 14 18 20 22 2 13 
77 779.2 1.28337 1.2208 0.0333033
Generasi Ke-77
Jarak Total: 803.346
Solusi Optimal: 1
Best member:
19 9 23 10 16 11 26 30 6 21 1 31 13 2 8 17 27 7 29 12 5 24 3 4 15 22 18 20 14 28 25 
78 779.2 1.28337 1.22307 0.0327863
Generasi Ke-78
Jarak Total: 806.039
Solusi Optimal: 1
Best member:
19 9 23 10 16 11 26 6 30 21 1 31 13 2 8 17 27 28 22 20 18 14 7 4 3 24 5 12 29 15 25 
79 779.2 1.28337 1.22471 0.0313295
Generasi Ke-79
Jarak Total: 802.45
Solusi Optimal: 1
Best member:
19 9 10 23 16 11 26 6 30 21 1 31 13 2 8 17 27 28 22 20 18 14 7 4 3 24 5 12 29 15 25 
80 779.2 1.28337 1.22549 0.031204
Generasi Ke-80
Jarak Total: 804.813
Solusi Optimal: 1
Best member:
19 9 23 10 16 11 26 6 30 21 1 31 13 2 8 17 28 27 22 20 18 14 7 4 3 24 5 12 29 15 25 
81 779.2 1.28337 1.22668 0.0284931
Generasi Ke-81
Jarak Total: 810.372
Solusi Optimal: 1
Best member:
19 9 23 10 16 11 26 30 6 21 15 25 28 27 31 17 8 2 22 20 18 14 1 29 12 5 24 3 4 7 13 
82 779.2 1.28337 1.22527 0.0287561
Generasi Ke-82
Jarak Total: 788.01
Solusi Optimal: 1
Best member:
9 19 23 10 16 11 26 6 30 21 1 31 27 17 8 15 25 28 29 12 5 24 3 4 7 14 18 20 22 2 13 
83 779.2 1.28337 1.22641 0.0280483
Generasi Ke-83
Jarak Total: 885.982
Solusi Optimal: 1
Best member:
19 10 12 5 24 3 4 7 17 8 27 31 1 15 25 28 23 9 29 16 11 26 6 30 21 14 18 20 22 2 13 
84 779.2 1.28337 1.22863 0.0273224
Generasi Ke-84
Jarak Total: 806.039
Solusi Optimal: 1
Best member:
19 9 23 10 16 11 26 6 30 21 1 31 13 2 8 17 27 28 22 20 18 14 7 4 3 24 5 12 29 15 25 
85 779.2 1.28337 1.22904 0.0283009
Generasi Ke-85
Jarak Total: 806.039
Solusi Optimal: 1
Best member:
19 9 23 10 16 11 26 6 30 21 1 31 13 2 8 17 27 28 22 20 18 14 7 4 3 24 5 12 29 15 25 
86 779.2 1.28337 1.23063 0.0265003
Generasi Ke-86
Jarak Total: 803.346
Solusi Optimal: 1
Best member:
19 9 23 10 16 11 26 30 6 21 1 31 13 2 8 17 27 7 29 12 5 24 3 4 15 22 18 20 14 28 25 
87 779.2 1.28337 1.23023 0.0264491
Generasi Ke-87
Jarak Total: 805.793
Solusi Optimal: 1
Best member:
19 9 23 10 16 11 26 30 6 21 1 31 13 2 8 17 27 7 29 12 5 24 3 4 15 14 18 20 22 28 25 
88 779.2 1.28337 1.23208 0.0260655
Generasi Ke-88
Jarak Total: 814.604
Solusi Optimal: 1
Best member:
19 9 23 10 16 11 26 6 30 21 1 31 13 2 8 17 27 7 29 12 5 24 3 4 15 14 18 20 22 28 25 
89 779.2 1.28337 1.23279 0.0260709
Generasi Ke-89
Jarak Total: 788.01
Solusi Optimal: 1
Best member:
9 19 23 10 16 11 26 6 30 21 1 31 27 17 8 15 25 28 29 12 5 24 3 4 7 14 18 20 22 2 13 
90 779.2 1.28337 1.23466 0.0253911
Generasi Ke-90
Jarak Total: 824.637
Solusi Optimal: 1
Best member:
9 19 23 10 16 11 26 6 30 21 1 31 27 15 8 17 25 28 29 12 5 24 3 4 7 14 18 20 22 2 13 
91 779.2 1.28337 1.23462 0.025343
Generasi Ke-91
Jarak Total: 801.808
Solusi Optimal: 1
Best member:
19 9 23 10 16 11 26 30 6 21 1 31 13 2 8 17 27 7 29 12 5 24 3 4 15 22 20 18 14 28 25 
92 779.2 1.28337 1.23498 0.0255663
Generasi Ke-92
Jarak Total: 788.01
Solusi Optimal: 1
Best member:
9 19 23 10 16 11 26 6 30 21 1 31 27 17 8 15 25 28 29 12 5 24 3 4 7 14 18 20 22 2 13 
93 779.2 1.28337 1.2347 0.0245004
Generasi Ke-93
Jarak Total: 788.01
Solusi Optimal: 1
Best member:
9 19 23 10 16 11 26 6 30 21 1 31 27 17 8 15 25 28 29 12 5 24 3 4 7 14 18 20 22 2 13 
94 779.2 1.28337 1.23422 0.0244303
Generasi Ke-94
Jarak Total: 803.346
Solusi Optimal: 1
Best member:
19 9 23 10 16 11 26 30 6 21 1 31 13 2 8 17 27 7 29 12 5 24 3 4 15 22 18 20 14 28 25 
95 779.2 1.28337 1.23445 0.0238478
Generasi Ke-95
Jarak Total: 824.637
Solusi Optimal: 1
Best member:
9 19 23 10 16 11 26 6 30 21 1 31 27 15 8 17 25 28 29 12 5 24 3 4 7 14 18 20 22 2 13 
96 779.2 1.28337 1.23588 0.0236464
Generasi Ke-96
Jarak Total: 814.604
Solusi Optimal: 1
Best member:
19 9 23 10 16 11 26 6 30 21 1 31 13 2 8 17 27 7 29 12 5 24 3 4 15 14 18 20 22 28 25 
97 779.2 1.28337 1.23698 0.0236206
Generasi Ke-97
Jarak Total: 812.314
Solusi Optimal: 1
Best member:
19 9 23 10 16 11 26 30 6 21 15 25 28 31 27 17 8 2 22 20 18 14 1 29 12 5 24 3 4 7 13 
98 779.2 1.28337 1.23697 0.0241128
Generasi Ke-98
Jarak Total: 788.01
Solusi Optimal: 1
Best member:
9 19 23 10 16 11 26 6 30 21 1 31 27 17 8 15 25 28 29 12 5 24 3 4 7 14 18 20 22 2 13 
99 779.2 1.28337 1.23766 0.0232385
Generasi Ke-99
Jarak Total: 788.01
Solusi Optimal: 1
Best member:
9 19 23 10 16 11 26 6 30 21 1 31 27 17 8 15 25 28 29 12 5 24 3 4 7 14 18 20 22 2 13 
100 779.2 1.28337 1.23907 0.0217951
Generasi Ke-100
Jarak Total: 788.01
Solusi Optimal: 1
Best member:
9 19 23 10 16 11 26 6 30 21 1 31 27 17 8 15 25 28 29 12 5 24 3 4 7 14 18 20 22 2 13 
101 779.2 1.28337 1.24045 0.0208892
Generasi Ke-101
Jarak Total: 788.01
Solusi Optimal: 1
Best member:
9 19 23 10 16 11 26 6 30 21 1 31 27 17 8 15 25 28 29 12 5 24 3 4 7 14 18 20 22 2 13 
102 779.2 1.28337 1.24126 0.0210527
Generasi Ke-102
Jarak Total: 805.74
Solusi Optimal: 1
Best member:
9 19 23 10 16 11 26 6 30 21 1 2 22 20 18 14 7 4 3 24 5 12 29 17 8 15 25 28 27 31 13 
103 779.2 1.28337 1.24095 0.0204764
Generasi Ke-103
Jarak Total: 837.819
Solusi Optimal: 1
Best member:
9 19 23 10 16 11 26 6 30 21 17 8 15 27 25 28 31 1 29 12 5 24 3 4 7 14 18 20 22 2 13 
104 779.2 1.28337 1.24249 0.0205615
Generasi Ke-104
Jarak Total: 805.74
Solusi Optimal: 1
Best member:
9 19 23 10 16 11 26 6 30 21 1 2 22 20 18 14 7 4 3 24 5 12 29 17 8 15 25 28 27 31 13 
105 779.2 1.28337 1.24251 0.02054
Generasi Ke-105
Jarak Total: 801.808
Solusi Optimal: 1
Best member:
19 9 23 10 16 11 26 30 6 21 1 31 13 2 8 17 27 7 29 12 5 24 3 4 15 22 20 18 14 28 25 
106 779.2 1.28337 1.24432 0.0186368
Generasi Ke-106
Jarak Total: 814.604
Solusi Optimal: 1
Best member:
19 9 23 10 16 11 26 6 30 21 1 31 13 2 8 17 27 7 29 12 5 24 3 4 15 14 18 20 22 28 25 
107 779.2 1.28337 1.24682 0.0182454
Generasi Ke-107
Jarak Total: 808.257
Solusi Optimal: 1
Best member:
19 9 23 10 16 11 26 30 6 21 15 7 4 3 24 5 12 29 1 14 18 20 22 2 31 17 27 8 28 25 13 
108 779.2 1.28337 1.24625 0.0173885
Generasi Ke-108
Jarak Total: 805.793
Solusi Optimal: 1
Best member:
19 9 23 10 16 11 26 30 6 21 1 31 13 2 8 17 27 7 29 12 5 24 3 4 15 14 18 20 22 28 25 
109 779.2 1.28337 1.24703 0.017803
Generasi Ke-109
Jarak Total: 802.45
Solusi Optimal: 1
Best member:
19 9 10 23 16 11 26 6 30 21 1 31 13 2 8 17 27 28 22 20 18 14 7 4 3 24 5 12 29 15 25 
110 779.2 1.28337 1.24723 0.0179397
Generasi Ke-110
Jarak Total: 801.808
Solusi Optimal: 1
Best member:
19 9 23 10 16 11 26 30 6 21 1 31 13 2 8 17 27 7 29 12 5 24 3 4 15 22 20 18 14 28 25 
111 779.2 1.28337 1.24804 0.0173951
Generasi Ke-111
Jarak Total: 802.45
Solusi Optimal: 1
Best member:
19 9 10 23 16 11 26 6 30 21 1 31 13 2 8 17 27 28 22 20 18 14 7 4 3 24 5 12 29 15 25 
112 779.2 1.28337 1.24948 0.0177108
Generasi Ke-112
Jarak Total: 784.878
Solusi Optimal: 1
Best member:
9 19 23 10 16 11 26 30 6 21 1 31 13 2 8 17 27 28 22 20 18 14 7 4 3 24 5 12 29 15 25 
113 779.2 1.28337 1.25035 0.0184092
Generasi Ke-113
Jarak Total: 788.01
Solusi Optimal: 1
Best member:
9 19 23 10 16 11 26 6 30 21 1 31 27 17 8 15 25 28 29 12 5 24 3 4 7 14 18 20 22 2 13 
114 779.2 1.28337 1.25174 0.0181039
Generasi Ke-114
Jarak Total: 788.01
Solusi Optimal: 1
Best member:
9 19 23 10 16 11 26 6 30 21 7 4 3 24 5 12 29 28 25 15 8 17 27 31 1 14 18 20 22 2 13 
115 779.2 1.28337 1.25224 0.0183995
Generasi Ke-115
Jarak Total: 810.372
Solusi Optimal: 1
Best member:
19 9 23 10 16 11 26 30 6 21 15 25 28 27 31 17 8 2 22 20 18 14 1 29 12 5 24 3 4 7 13 
116 779.2 1.28337 1.2524 0.0177292
Generasi Ke-116
Jarak Total: 801.808
Solusi Optimal: 1
Best member:
19 9 23 10 16 11 26 30 6 21 1 31 13 2 8 17 27 7 29 12 5 24 3 4 15 22 20 18 14 28 25 
117 779.2 1.28337 1.25212 0.0178798
Generasi Ke-117
Jarak Total: 806.039
Solusi Optimal: 1
Best member:
19 9 23 10 16 11 26 6 30 21 1 31 13 2 8 17 27 28 22 20 18 14 7 4 3 24 5 12 29 15 25 
118 777.706 1.28583 1.25258 0.017512
Generasi Ke-118
Jarak Total: 779.2
Solusi Optimal: 1
Best member:
9 19 23 10 16 11 26 30 6 21 1 31 27 17 8 15 25 28 29 12 5 24 3 4 7 14 18 20 22 2 13 
119 777.706 1.28583 1.25256 0.0178616
Generasi Ke-119
Jarak Total: 805.74
Solusi Optimal: 1
Best member:
9 19 23 10 16 11 26 6 30 21 17 8 15 25 28 27 31 1 29 12 5 24 3 4 7 14 18 20 22 2 13 
120 777.706 1.28583 1.25381 0.0174221
Generasi Ke-120
Jarak Total: 815.075
Solusi Optimal: 1
Best member:
9 19 23 10 16 11 26 30 6 21 1 31 25 15 8 17 27 28 29 12 5 24 3 4 7 14 18 20 22 2 13 
121 777.706 1.28583 1.25444 0.0174063
Generasi Ke-121
Jarak Total: 788.01
Solusi Optimal: 1
Best member:
9 19 23 10 16 11 26 6 30 21 1 31 27 17 8 15 25 28 29 12 5 24 3 4 7 14 18 20 22 2 13 
122 777.706 1.28583 1.25562 0.0167383
Generasi Ke-122
Jarak Total: 788.01
Solusi Optimal: 1
Best member:
9 19 23 10 16 11 26 6 30 21 1 2 22 20 18 14 7 4 3 24 5 12 29 28 25 15 8 17 27 31 13 
123 777.706 1.28583 1.25648 0.0168851
Generasi Ke-123
Jarak Total: 784.878
Solusi Optimal: 1
Best member:
9 19 23 10 16 11 26 30 6 21 1 31 13 2 8 17 27 28 22 20 18 14 7 4 3 24 5 12 29 15 25 
124 777.706 1.28583 1.25775 0.0171138
Generasi Ke-124
Jarak Total: 788.01
Solusi Optimal: 1
Best member:
9 19 23 10 16 11 26 6 30 21 1 2 22 20 18 14 7 4 3 24 5 12 29 28 25 15 8 17 27 31 13 
125 777.706 1.28583 1.25741 0.0169129
Generasi Ke-125
Jarak Total: 806.039
Solusi Optimal: 1
Best member:
19 9 23 10 16 11 26 6 30 21 1 31 13 2 8 17 27 28 22 20 18 14 7 4 3 24 5 12 29 15 25 
126 777.706 1.28583 1.25725 0.0168213
Generasi Ke-126
Jarak Total: 788.01
Solusi Optimal: 1
Best member:
9 19 23 10 16 11 26 6 30 21 1 2 22 20 18 14 7 4 3 24 5 12 29 28 25 15 8 17 27 31 13 
127 777.706 1.28583 1.25732 0.0171575
Generasi Ke-127
Jarak Total: 824.637
Solusi Optimal: 1
Best member:
9 19 23 10 16 11 26 6 30 21 1 2 22 20 18 14 7 4 3 24 5 12 29 28 25 17 8 15 27 31 13 
128 777.706 1.28583 1.25756 0.0173081
Generasi Ke-128
Jarak Total: 801.808
Solusi Optimal: 1
Best member:
19 9 23 10 16 11 26 30 6 21 1 31 13 2 8 17 27 7 29 12 5 24 3 4 15 22 20 18 14 28 25 
129 777.706 1.28583 1.25861 0.0173435
Generasi Ke-129
Jarak Total: 805.74
Solusi Optimal: 1
Best member:
9 19 23 10 16 11 26 6 30 21 17 8 15 25 28 27 31 1 29 12 5 24 3 4 7 14 18 20 22 2 13 
130 777.706 1.28583 1.26204 0.0158661
Generasi Ke-130
Jarak Total: 779.2
Solusi Optimal: 1
Best member:
9 19 23 10 16 11 26 30 6 21 29 12 5 24 3 4 7 14 18 20 22 2 1 28 25 15 8 17 27 31 13 
131 777.706 1.28583 1.26286 0.0147215
Generasi Ke-131
Jarak Total: 815.075
Solusi Optimal: 1
Best member:
9 19 23 10 16 11 26 30 6 21 1 31 25 15 8 17 27 28 29 12 5 24 3 4 7 14 18 20 22 2 13 
132 777.706 1.28583 1.26317 0.0147157
Generasi Ke-132
Jarak Total: 788.01
Solusi Optimal: 1
Best member:
9 19 23 10 16 11 26 6 30 21 1 2 22 20 18 14 7 4 3 24 5 12 29 28 25 15 8 17 27 31 13 
133 777.706 1.28583 1.26503 0.0138806
Generasi Ke-133
Jarak Total: 788.01
Solusi Optimal: 1
Best member:
9 19 23 10 16 11 26 6 30 21 1 31 27 17 8 15 25 28 29 12 5 24 3 4 7 14 18 20 22 2 13 
134 777.706 1.28583 1.26625 0.012441
Generasi Ke-134
Jarak Total: 802.253
Solusi Optimal: 1
Best member:
9 19 23 10 16 11 26 6 30 21 1 31 13 2 8 17 27 7 29 12 5 24 3 4 15 14 18 20 22 28 25 
135 777.706 1.28583 1.26637 0.0122481
Generasi Ke-135
Jarak Total: 788.01
Solusi Optimal: 1
Best member:
9 19 23 10 16 11 26 6 30 21 1 31 27 17 8 15 25 28 29 12 5 24 3 4 7 14 18 20 22 2 13 
136 777.706 1.28583 1.26802 0.0110086
Generasi Ke-136
Jarak Total: 792.766
Solusi Optimal: 1
Best member:
9 19 23 10 16 11 26 6 30 21 1 31 27 17 8 25 15 28 29 12 5 24 3 4 7 14 18 20 22 2 13 
137 777.706 1.28583 1.26825 0.0101185
Generasi Ke-137
Jarak Total: 788.01
Solusi Optimal: 1
Best member:
9 19 23 10 16 11 26 6 30 21 7 4 3 24 5 12 29 28 25 15 8 17 27 31 1 14 18 20 22 2 13 
138 777.706 1.28583 1.26795 0.00993054
Generasi Ke-138
Jarak Total: 788.01
Solusi Optimal: 1
Best member:
9 19 23 10 16 11 26 6 30 21 1 31 27 17 8 15 25 28 29 12 5 24 3 4 7 14 18 20 22 2 13 
139 777.706 1.28583 1.26833 0.00988549
Generasi Ke-139
Jarak Total: 788.01
Solusi Optimal: 1
Best member:
9 19 23 10 16 11 26 6 30 21 1 2 22 20 18 14 7 4 3 24 5 12 29 28 25 15 8 17 27 31 13 
140 777.706 1.28583 1.26829 0.00989262
Generasi Ke-140
Jarak Total: 784.434
Solusi Optimal: 1
Best member:
9 19 23 10 16 11 26 30 6 21 13 2 8 17 27 31 1 28 22 20 18 14 7 4 3 24 5 12 29 15 25 
141 777.706 1.28583 1.26877 0.00970159
Generasi Ke-141
Jarak Total: 792.766
Solusi Optimal: 1
Best member:
9 19 23 10 16 11 26 6 30 21 1 31 27 17 8 25 15 28 29 12 5 24 3 4 7 14 18 20 22 2 13 
142 777.706 1.28583 1.26955 0.00977064
Generasi Ke-142
Jarak Total: 788.01
Solusi Optimal: 1
Best member:
9 19 23 10 16 11 26 6 30 21 1 31 27 17 8 15 25 28 29 12 5 24 3 4 7 14 18 20 22 2 13 
143 777.706 1.28583 1.27027 0.00870107
Generasi Ke-143
Jarak Total: 788.01
Solusi Optimal: 1
Best member:
9 19 23 10 16 11 26 6 30 21 1 2 22 20 18 14 7 4 3 24 5 12 29 28 25 15 8 17 27 31 13 
144 777.706 1.28583 1.27073 0.0084986
Generasi Ke-144
Jarak Total: 788.01
Solusi Optimal: 1
Best member:
9 19 23 10 16 11 26 6 30 21 1 31 27 17 8 15 25 28 29 12 5 24 3 4 7 14 18 20 22 2 13 
145 777.706 1.28583 1.27131 0.00786525
Generasi Ke-145
Jarak Total: 788.01
Solusi Optimal: 1
Best member:
9 19 23 10 16 11 26 6 30 21 7 4 3 24 5 12 29 28 25 15 8 17 27 31 1 14 18 20 22 2 13 
146 777.706 1.28583 1.27137 0.00767166
Generasi Ke-146
Jarak Total: 784.878
Solusi Optimal: 1
Best member:
9 19 23 10 16 11 26 30 6 21 1 31 13 2 8 17 27 28 22 20 18 14 7 4 3 24 5 12 29 15 25 
147 777.706 1.28583 1.27105 0.00807137
Generasi Ke-147
Jarak Total: 788.01
Solusi Optimal: 1
Best member:
9 19 23 10 16 11 26 6 30 21 1 2 22 20 18 14 7 4 3 24 5 12 29 28 25 15 8 17 27 31 13 
148 777.706 1.28583 1.27089 0.00840303
Generasi Ke-148
Jarak Total: 784.878
Solusi Optimal: 1
Best member:
9 19 23 10 16 11 26 30 6 21 1 31 13 2 8 17 27 28 22 20 18 14 7 4 3 24 5 12 29 15 25 
149 777.706 1.28583 1.26996 0.00941624
Generasi Ke-149
Jarak Total: 792.766
Solusi Optimal: 1
Best member:
9 19 23 10 16 11 26 6 30 21 28 15 25 8 17 27 31 1 29 12 5 24 3 4 7 14 18 20 22 2 13 
150 777.706 1.28583 1.27022 0.00874147
Generasi Ke-150
Jarak Total: 792.766
Solusi Optimal: 1
Best member:
9 19 23 10 16 11 26 6 30 21 1 31 27 17 8 25 15 28 29 12 5 24 3 4 7 14 18 20 22 2 13 
151 777.706 1.28583 1.27016 0.00867146
Generasi Ke-151
Jarak Total: 788.01
Solusi Optimal: 1
Best member:
9 19 23 10 16 11 26 6 30 21 1 31 27 17 8 15 25 28 29 12 5 24 3 4 7 14 18 20 22 2 13 
152 777.706 1.28583 1.27048 0.00857927
Generasi Ke-152
Jarak Total: 784.878
Solusi Optimal: 1
Best member:
9 19 23 10 16 11 26 30 6 21 1 31 13 2 8 17 27 28 22 20 18 14 7 4 3 24 5 12 29 15 25 
153 777.706 1.28583 1.27049 0.00755079
Generasi Ke-153
Jarak Total: 782.431
Solusi Optimal: 1
Best member:
9 19 23 10 16 11 26 30 6 21 1 31 13 2 8 17 27 28 14 20 18 22 7 4 3 24 5 12 29 15 25 
154 777.706 1.28583 1.27131 0.00675291
Generasi Ke-154
Jarak Total: 788.01
Solusi Optimal: 1
Best member:
9 19 23 10 16 11 26 6 30 21 1 2 22 20 18 14 7 4 3 24 5 12 29 28 25 15 8 17 27 31 13 
155 777.706 1.28583 1.2713 0.00661404
Generasi Ke-155
Jarak Total: 779.2
Solusi Optimal: 1
Best member:
9 19 23 10 16 11 26 30 6 21 7 4 3 24 5 12 29 28 25 15 8 17 27 31 1 14 18 20 22 2 13 
156 777.706 1.28583 1.27169 0.00663622
Generasi Ke-156
Jarak Total: 782.431
Solusi Optimal: 1
Best member:
9 19 23 10 16 11 26 30 6 21 1 31 13 2 8 17 27 28 14 20 18 22 7 4 3 24 5 12 29 15 25 
157 777.706 1.28583 1.27118 0.00678292
Generasi Ke-157
Jarak Total: 788.01
Solusi Optimal: 1
Best member:
9 19 23 10 16 11 26 6 30 21 1 31 27 17 8 15 25 28 29 12 5 24 3 4 7 14 18 20 22 2 13 
158 777.706 1.28583 1.27114 0.00652108
Generasi Ke-158
Jarak Total: 788.01
Solusi Optimal: 1
Best member:
9 19 23 10 16 11 26 6 30 21 1 2 22 20 18 14 7 4 3 24 5 12 29 28 25 15 8 17 27 31 13 
159 777.706 1.28583 1.27143 0.00660022
Generasi Ke-159
Jarak Total: 788.01
Solusi Optimal: 1
Best member:
9 19 23 10 16 11 26 6 30 21 1 2 22 20 18 14 7 4 3 24 5 12 29 28 25 15 8 17 27 31 13 
160 777.706 1.28583 1.27187 0.0067832
Generasi Ke-160
Jarak Total: 788.01
Solusi Optimal: 1
Best member:
9 19 23 10 16 11 26 6 30 21 1 2 22 20 18 14 7 4 3 24 5 12 29 28 25 15 8 17 27 31 13 
161 777.706 1.28583 1.27257 0.00692353
Generasi Ke-161
Jarak Total: 793.442
Solusi Optimal: 1
Best member:
9 19 23 10 16 11 26 30 6 21 1 31 13 2 8 17 27 7 29 12 5 24 3 4 15 14 18 20 22 28 25 
162 777.706 1.28583 1.2728 0.00694534
Generasi Ke-162
Jarak Total: 792.766
Solusi Optimal: 1
Best member:
9 19 23 10 16 11 26 6 30 21 1 31 27 17 8 25 15 28 29 12 5 24 3 4 7 14 18 20 22 2 13 
163 777.706 1.28583 1.27326 0.00719774
Generasi Ke-163
Jarak Total: 786.516
Solusi Optimal: 1
Best member:
9 19 10 23 16 11 26 6 30 21 1 2 22 20 18 14 7 4 3 24 5 12 29 28 25 15 8 17 27 31 13 
164 777.706 1.28583 1.27349 0.00705352
Generasi Ke-164
Jarak Total: 788.01
Solusi Optimal: 1
Best member:
9 19 23 10 16 11 26 6 30 21 1 2 22 20 18 14 7 4 3 24 5 12 29 28 25 15 8 17 27 31 13 
165 777.706 1.28583 1.27418 0.00711061
Generasi Ke-165
Jarak Total: 788.01
Solusi Optimal: 1
Best member:
9 19 23 10 16 11 26 6 30 21 1 2 22 20 18 14 7 4 3 24 5 12 29 28 25 15 8 17 27 31 13 
166 777.706 1.28583 1.2745 0.00684758
Generasi Ke-166
Jarak Total: 788.01
Solusi Optimal: 1
Best member:
9 19 23 10 16 11 26 6 30 21 1 31 27 17 8 15 25 28 29 12 5 24 3 4 7 14 18 20 22 2 13 
167 777.706 1.28583 1.27479 0.00692318
Generasi Ke-167
Jarak Total: 782.431
Solusi Optimal: 1
Best member:
9 19 23 10 16 11 26 30 6 21 1 31 13 2 8 17 27 28 14 20 18 22 7 4 3 24 5 12 29 15 25 
168 777.706 1.28583 1.27543 0.0069258
Generasi Ke-168
Jarak Total: 788.01
Solusi Optimal: 1
Best member:
9 19 23 10 16 11 26 6 30 21 1 31 27 17 8 15 25 28 29 12 5 24 3 4 7 14 18 20 22 2 13 
169 777.706 1.28583 1.27581 0.00692861
Generasi Ke-169
Jarak Total: 779.2
Solusi Optimal: 1
Best member:
9 19 23 10 16 11 26 30 6 21 1 2 22 20 18 14 7 4 3 24 5 12 29 28 25 15 8 17 27 31 13 
170 777.706 1.28583 1.27662 0.00683025
Generasi Ke-170
Jarak Total: 788.01
Solusi Optimal: 1
Best member:
9 19 23 10 16 11 26 6 30 21 1 2 22 20 18 14 7 4 3 24 5 12 29 28 25 15 8 17 27 31 13 
171 777.706 1.28583 1.27674 0.00698454
Generasi Ke-171
Jarak Total: 788.01
Solusi Optimal: 1
Best member:
9 19 23 10 16 11 26 6 30 21 1 31 27 17 8 15 25 28 29 12 5 24 3 4 7 14 18 20 22 2 13 
172 777.706 1.28583 1.27664 0.00694107
Generasi Ke-172
Jarak Total: 788.01
Solusi Optimal: 1
Best member:
9 19 23 10 16 11 26 6 30 21 1 2 22 20 18 14 7 4 3 24 5 12 29 28 25 15 8 17 27 31 13 
173 777.706 1.28583 1.27713 0.00657503
Generasi Ke-173
Jarak Total: 782.431
Solusi Optimal: 1
Best member:
9 19 23 10 16 11 26 30 6 21 1 31 13 2 8 17 27 28 14 20 18 22 7 4 3 24 5 12 29 15 25 
174 777.706 1.28583 1.27752 0.00628122
Generasi Ke-174
Jarak Total: 784.878
Solusi Optimal: 1
Best member:
9 19 23 10 16 11 26 30 6 21 1 31 13 2 8 17 27 28 22 20 18 14 7 4 3 24 5 12 29 15 25 
175 777.706 1.28583 1.27796 0.00615213
Generasi Ke-175
Jarak Total: 788.01
Solusi Optimal: 1
Best member:
9 19 23 10 16 11 26 6 30 21 1 31 27 17 8 15 25 28 29 12 5 24 3 4 7 14 18 20 22 2 13 
176 777.706 1.28583 1.27863 0.00578961
Generasi Ke-176
Jarak Total: 779.2
Solusi Optimal: 1
Best member:
9 19 23 10 16 11 26 30 6 21 1 2 22 20 18 14 7 4 3 24 5 12 29 28 25 15 8 17 27 31 13 
177 777.706 1.28583 1.27884 0.00589593
Generasi Ke-177
Jarak Total: 779.2
Solusi Optimal: 1
Best member:
9 19 23 10 16 11 26 30 6 21 1 2 22 20 18 14 7 4 3 24 5 12 29 28 25 15 8 17 27 31 13 
178 777.706 1.28583 1.27923 0.005603
Generasi Ke-178
Jarak Total: 779.2
Solusi Optimal: 1
Best member:
9 19 23 10 16 11 26 30 6 21 1 2 22 20 18 14 7 4 3 24 5 12 29 28 25 15 8 17 27 31 13 
179 777.706 1.28583 1.27948 0.00549428
Generasi Ke-179
Jarak Total: 788.01
Solusi Optimal: 1
Best member:
9 19 23 10 16 11 26 6 30 21 1 2 22 20 18 14 7 4 3 24 5 12 29 28 25 15 8 17 27 31 13 
180 777.706 1.28583 1.27958 0.00566092
Generasi Ke-180
Jarak Total: 779.2
Solusi Optimal: 1
Best member:
9 19 23 10 16 11 26 30 6 21 1 2 22 20 18 14 7 4 3 24 5 12 29 28 25 15 8 17 27 31 13 
181 777.706 1.28583 1.28006 0.00548644
Generasi Ke-181
Jarak Total: 779.2
Solusi Optimal: 1
Best member:
9 19 23 10 16 11 26 30 6 21 7 4 3 24 5 12 29 28 25 15 8 17 27 31 1 14 18 20 22 2 13 
182 777.706 1.28583 1.28039 0.00522712
Generasi Ke-182
Jarak Total: 779.2
Solusi Optimal: 1
Best member:
9 19 23 10 16 11 26 30 6 21 7 4 3 24 5 12 29 28 25 15 8 17 27 31 1 14 18 20 22 2 13 
183 777.706 1.28583 1.28038 0.00530546
Generasi Ke-183
Jarak Total: 778.405
Solusi Optimal: 1
Best member:
9 19 23 10 16 11 26 30 6 21 1 31 13 2 8 17 28 14 18 20 22 27 7 4 3 24 5 12 29 15 25 
184 777.706 1.28583 1.28066 0.00510897
Generasi Ke-184
Jarak Total: 779.2
Solusi Optimal: 1
Best member:
9 19 23 10 16 11 26 30 6 21 1 2 22 20 18 14 7 4 3 24 5 12 29 28 25 15 8 17 27 31 13 
185 777.706 1.28583 1.28067 0.00501922
Generasi Ke-185
Jarak Total: 779.2
Solusi Optimal: 1
Best member:
9 19 23 10 16 11 26 30 6 21 1 2 22 20 18 14 7 4 3 24 5 12 29 28 25 15 8 17 27 31 13 
186 777.706 1.28583 1.28084 0.00495924
Generasi Ke-186
Jarak Total: 782.431
Solusi Optimal: 1
Best member:
9 19 23 10 16 11 26 30 6 21 1 31 13 2 8 17 27 28 14 20 18 22 7 4 3 24 5 12 29 15 25 
187 777.706 1.28583 1.28092 0.00478152
Generasi Ke-187
Jarak Total: 788.01
Solusi Optimal: 1
Best member:
9 19 23 10 16 11 26 6 30 21 7 4 3 24 5 12 29 28 25 15 8 17 27 31 1 14 18 20 22 2 13 
188 777.706 1.28583 1.28082 0.00467628
Generasi Ke-188
Jarak Total: 779.2
Solusi Optimal: 1
Best member:
9 19 23 10 16 11 26 30 6 21 7 4 3 24 5 12 29 28 25 15 8 17 27 31 1 14 18 20 22 2 13 
189 777.706 1.28583 1.28107 0.00455955
Generasi Ke-189
Jarak Total: 779.2
Solusi Optimal: 1
Best member:
9 19 23 10 16 11 26 30 6 21 1 2 22 20 18 14 7 4 3 24 5 12 29 28 25 15 8 17 27 31 13 
190 777.706 1.28583 1.28131 0.00432518
Generasi Ke-190
Jarak Total: 779.2
Solusi Optimal: 1
Best member:
9 19 23 10 16 11 26 30 6 21 1 2 22 20 18 14 7 4 3 24 5 12 29 28 25 15 8 17 27 31 13 
191 777.706 1.28583 1.28141 0.00423006
Generasi Ke-191
Jarak Total: 779.2
Solusi Optimal: 1
Best member:
9 19 23 10 16 11 26 30 6 21 29 12 5 24 3 4 7 14 18 20 22 2 1 28 25 15 8 17 27 31 13 
192 777.706 1.28583 1.28166 0.00400841
Generasi Ke-192
Jarak Total: 779.2
Solusi Optimal: 1
Best member:
9 19 23 10 16 11 26 30 6 21 1 2 22 20 18 14 7 4 3 24 5 12 29 28 25 15 8 17 27 31 13 
193 777.706 1.28583 1.28165 0.00404877
Generasi Ke-193
Jarak Total: 779.2
Solusi Optimal: 1
Best member:
9 19 23 10 16 11 26 30 6 21 7 4 3 24 5 12 29 28 25 15 8 17 27 31 1 14 18 20 22 2 13 
194 777.706 1.28583 1.282 0.00368284
Generasi Ke-194
Jarak Total: 782.431
Solusi Optimal: 1
Best member:
9 19 23 10 16 11 26 30 6 21 1 31 13 2 8 17 27 28 14 20 18 22 7 4 3 24 5 12 29 15 25 
195 777.706 1.28583 1.28204 0.00375925
Generasi Ke-195
Jarak Total: 779.2
Solusi Optimal: 1
Best member:
9 19 23 10 16 11 26 30 6 21 7 4 3 24 5 12 29 28 25 15 8 17 27 31 1 14 18 20 22 2 13 
196 777.706 1.28583 1.28191 0.00387161
Generasi Ke-196
Jarak Total: 779.2
Solusi Optimal: 1
Best member:
9 19 23 10 16 11 26 30 6 21 1 2 22 20 18 14 7 4 3 24 5 12 29 28 25 15 8 17 27 31 13 
197 777.706 1.28583 1.28159 0.00426697
Generasi Ke-197
Jarak Total: 779.2
Solusi Optimal: 1
Best member:
9 19 23 10 16 11 26 30 6 21 1 2 22 20 18 14 7 4 3 24 5 12 29 28 25 15 8 17 27 31 13 
198 777.706 1.28583 1.28184 0.00393931
Generasi Ke-198
Jarak Total: 779.2
Solusi Optimal: 1
Best member:
9 19 23 10 16 11 26 30 6 21 1 2 22 20 18 14 7 4 3 24 5 12 29 28 25 15 8 17 27 31 13 
199 777.706 1.28583 1.28204 0.0036806
Generasi Ke-199
Jarak Total: 779.2
Solusi Optimal: 1
Best member:
9 19 23 10 16 11 26 30 6 21 1 2 22 20 18 14 7 4 3 24 5 12 29 28 25 15 8 17 27 31 13 
200 777.706 1.28583 1.28194 0.00378625
Generasi Ke-200
Jarak Total: 779.2
Solusi Optimal: 1
Best member:
9 19 23 10 16 11 26 30 6 21 29 12 5 24 3 4 7 14 18 20 22 2 1 28 25 15 8 17 27 31 13 
201 777.706 1.28583 1.28235 0.00305811
Generasi Ke-201
Jarak Total: 779.2
Solusi Optimal: 1
Best member:
9 19 23 10 16 11 26 30 6 21 29 12 5 24 3 4 7 14 18 20 22 2 1 28 25 15 8 17 27 31 13 
202 777.706 1.28583 1.28272 0.0022975
Generasi Ke-202
Jarak Total: 779.2
Solusi Optimal: 1
Best member:
9 19 23 10 16 11 26 30 6 21 1 2 22 20 18 14 7 4 3 24 5 12 29 28 25 15 8 17 27 31 13 
203 777.706 1.28583 1.28281 0.00218025
Generasi Ke-203
Jarak Total: 779.2
Solusi Optimal: 1
Best member:
9 19 23 10 16 11 26 30 6 21 7 4 3 24 5 12 29 28 25 15 8 17 27 31 1 14 18 20 22 2 13 
204 777.706 1.28583 1.28281 0.00220877
Generasi Ke-204
Jarak Total: 777.706
Solusi Optimal: 1
Best member:
9 19 10 23 16 11 26 30 6 21 29 12 5 24 3 4 7 14 18 20 22 2 1 28 25 15 8 17 27 31 13 
205 777.706 1.28583 1.28272 0.00229407
Generasi Ke-205
Jarak Total: 779.2
Solusi Optimal: 1
Best member:
9 19 23 10 16 11 26 30 6 21 7 4 3 24 5 12 29 28 25 15 8 17 27 31 1 14 18 20 22 2 13 
206 777.706 1.28583 1.28272 0.00219937
Generasi Ke-206
Jarak Total: 779.2
Solusi Optimal: 1
Best member:
9 19 23 10 16 11 26 30 6 21 1 2 22 20 18 14 7 4 3 24 5 12 29 28 25 15 8 17 27 31 13 
207 777.706 1.28583 1.28284 0.00195884
Generasi Ke-207
Jarak Total: 779.2
Solusi Optimal: 1
Best member:
9 19 23 10 16 11 26 30 6 21 7 4 3 24 5 12 29 28 25 15 8 17 27 31 1 14 18 20 22 2 13 
208 777.706 1.28583 1.28303 0.00179679
Generasi Ke-208
Jarak Total: 779.2
Solusi Optimal: 1
Best member:
9 19 23 10 16 11 26 30 6 21 1 2 22 20 18 14 7 4 3 24 5 12 29 28 25 15 8 17 27 31 13 
209 777.706 1.28583 1.28308 0.00176892
Generasi Ke-209
Jarak Total: 779.2
Solusi Optimal: 1
Best member:
9 19 23 10 16 11 26 30 6 21 7 4 3 24 5 12 29 28 25 15 8 17 27 31 1 14 18 20 22 2 13 
210 777.706 1.28583 1.28305 0.00177406
Generasi Ke-210
Jarak Total: 779.2
Solusi Optimal: 1
Best member:
9 19 23 10 16 11 26 30 6 21 1 2 22 20 18 14 7 4 3 24 5 12 29 28 25 15 8 17 27 31 13 
211 777.706 1.28583 1.28317 0.00166097
Generasi Ke-211
Jarak Total: 779.2
Solusi Optimal: 1
Best member:
9 19 23 10 16 11 26 30 6 21 7 4 3 24 5 12 29 28 25 15 8 17 27 31 1 14 18 20 22 2 13 
212 777.706 1.28583 1.28321 0.001561
Generasi Ke-212
Jarak Total: 780.894
Solusi Optimal: 1
Best member:
9 19 23 10 16 11 26 30 6 21 1 31 13 2 8 17 27 28 14 18 20 22 7 4 3 24 5 12 29 15 25 
213 777.706 1.28583 1.28322 0.00155024
Generasi Ke-213
Jarak Total: 779.2
Solusi Optimal: 1
Best member:
9 19 23 10 16 11 26 30 6 21 7 4 3 24 5 12 29 28 25 15 8 17 27 31 1 14 18 20 22 2 13 
214 777.706 1.28583 1.2833 0.00152377
Generasi Ke-214
Jarak Total: 779.2
Solusi Optimal: 1
Best member:
9 19 23 10 16 11 26 30 6 21 7 4 3 24 5 12 29 28 25 15 8 17 27 31 1 14 18 20 22 2 13 
215 777.706 1.28583 1.28339 0.00151916
Generasi Ke-215
Jarak Total: 779.2
Solusi Optimal: 1
Best member:
9 19 23 10 16 11 26 30 6 21 7 4 3 24 5 12 29 28 25 15 8 17 27 31 1 14 18 20 22 2 13 
216 777.706 1.28583 1.28355 0.00136161
Generasi Ke-216
Jarak Total: 779.2
Solusi Optimal: 1
Best member:
9 19 23 10 16 11 26 30 6 21 1 2 22 20 18 14 7 4 3 24 5 12 29 28 25 15 8 17 27 31 13 
217 777.706 1.28583 1.2836 0.00139473
Generasi Ke-217
Jarak Total: 779.2
Solusi Optimal: 1
Best member:
9 19 23 10 16 11 26 30 6 21 7 4 3 24 5 12 29 28 25 15 8 17 27 31 1 14 18 20 22 2 13 
218 777.706 1.28583 1.28376 0.00127616
Generasi Ke-218
Jarak Total: 777.706
Solusi Optimal: 1
Best member:
9 19 10 23 16 11 26 30 6 21 7 4 3 24 5 12 29 28 25 15 8 17 27 31 1 14 18 20 22 2 13 
219 777.706 1.28583 1.28384 0.00131349
Generasi Ke-219
Jarak Total: 779.2
Solusi Optimal: 1
Best member:
9 19 23 10 16 11 26 30 6 21 1 2 22 20 18 14 7 4 3 24 5 12 29 28 25 15 8 17 27 31 13 
220 777.706 1.28583 1.28396 0.00131946
Generasi Ke-220
Jarak Total: 779.2
Solusi Optimal: 1
Best member:
9 19 23 10 16 11 26 30 6 21 7 4 3 24 5 12 29 28 25 15 8 17 27 31 1 14 18 20 22 2 13 
221 776.76 1.2874 1.28401 0.00123818
Generasi Ke-221
Jarak Total: 777.706
Solusi Optimal: 1
Best member:
9 19 10 23 16 11 26 30 6 21 7 4 3 24 5 12 29 28 25 15 8 17 27 31 1 14 18 20 22 2 13 
222 773.9 1.29216 1.28397 0.0013648
Generasi Ke-222
Jarak Total: 779.2
Solusi Optimal: 1
Best member:
9 19 23 10 16 11 26 30 6 21 7 4 3 24 5 12 29 28 25 15 8 17 27 31 1 14 18 20 22 2 13 
223 773.9 1.29216 1.28408 0.0013462
Generasi Ke-223
Jarak Total: 779.2
Solusi Optimal: 1
Best member:
9 19 23 10 16 11 26 30 6 21 7 4 3 24 5 12 29 28 25 15 8 17 27 31 1 14 18 20 22 2 13 
224 773.9 1.29216 1.28414 0.00145967
Generasi Ke-224
Jarak Total: 779.2
Solusi Optimal: 1
Best member:
9 19 23 10 16 11 26 30 6 21 1 2 22 20 18 14 7 4 3 24 5 12 29 28 25 15 8 17 27 31 13 
225 773.9 1.29216 1.28414 0.00148189
Generasi Ke-225
Jarak Total: 779.2
Solusi Optimal: 1
Best member:
9 19 23 10 16 11 26 30 6 21 1 2 22 20 18 14 7 4 3 24 5 12 29 28 25 15 8 17 27 31 13 
226 773.9 1.29216 1.28415 0.00151186
Generasi Ke-226
Jarak Total: 779.2
Solusi Optimal: 1
Best member:
9 19 23 10 16 11 26 30 6 21 7 4 3 24 5 12 29 28 25 15 8 17 27 31 1 14 18 20 22 2 13 
227 773.9 1.29216 1.28412 0.00196584
Generasi Ke-227
Jarak Total: 779.2
Solusi Optimal: 1
Best member:
9 19 23 10 16 11 26 30 6 21 1 2 22 20 18 14 7 4 3 24 5 12 29 28 25 15 8 17 27 31 13 
228 773.9 1.29216 1.28421 0.00192159
Generasi Ke-228
Jarak Total: 779.2
Solusi Optimal: 1
Best member:
9 19 23 10 16 11 26 30 6 21 1 2 22 20 18 14 7 4 3 24 5 12 29 28 25 15 8 17 27 31 13 
229 773.9 1.29216 1.28437 0.00204616
Generasi Ke-229
Jarak Total: 779.2
Solusi Optimal: 1
Best member:
9 19 23 10 16 11 26 30 6 21 7 4 3 24 5 12 29 28 25 15 8 17 27 31 1 14 18 20 22 2 13 
230 772.406 1.29466 1.28428 0.00196513
Generasi Ke-230
Jarak Total: 779.2
Solusi Optimal: 1
Best member:
9 19 23 10 16 11 26 30 6 21 7 4 3 24 5 12 29 28 25 15 8 17 27 31 1 14 18 20 22 2 13 
231 772.406 1.29466 1.28441 0.00198952
Generasi Ke-231
Jarak Total: 779.2
Solusi Optimal: 1
Best member:
9 19 23 10 16 11 26 30 6 21 1 2 22 20 18 14 7 4 3 24 5 12 29 28 25 15 8 17 27 31 13 
232 772.406 1.29466 1.2846 0.00194463
Generasi Ke-232
Jarak Total: 779.2
Solusi Optimal: 1
Best member:
9 19 23 10 16 11 26 30 6 21 1 2 22 20 18 14 7 4 3 24 5 12 29 28 25 15 8 17 27 31 13 
233 772.406 1.29466 1.28462 0.0020082
Generasi Ke-233
Jarak Total: 779.2
Solusi Optimal: 1
Best member:
9 19 23 10 16 11 26 30 6 21 7 4 3 24 5 12 29 28 25 15 8 17 27 31 1 14 18 20 22 2 13 
234 772.406 1.29466 1.28477 0.00215026
Generasi Ke-234
Jarak Total: 777.706
Solusi Optimal: 1
Best member:
9 19 10 23 16 11 26 30 6 21 29 12 5 24 3 4 7 14 18 20 22 2 1 28 25 15 8 17 27 31 13 
235 772.406 1.29466 1.28485 0.00218998
Generasi Ke-235
Jarak Total: 777.706
Solusi Optimal: 1
Best member:
9 19 10 23 16 11 26 30 6 21 29 12 5 24 3 4 7 14 18 20 22 2 1 28 25 15 8 17 27 31 13 
236 772.406 1.29466 1.28469 0.00214162
Generasi Ke-236
Jarak Total: 777.706
Solusi Optimal: 1
Best member:
9 19 10 23 16 11 26 30 6 21 29 12 5 24 3 4 7 14 18 20 22 2 1 28 25 15 8 17 27 31 13 
237 772.406 1.29466 1.28481 0.00228937
Generasi Ke-237
Jarak Total: 777.706
Solusi Optimal: 1
Best member:
9 19 10 23 16 11 26 30 6 21 29 12 5 24 3 4 7 14 18 20 22 2 1 28 25 15 8 17 27 31 13 
238 772.406 1.29466 1.2848 0.00236178
Generasi Ke-238
Jarak Total: 779.2
Solusi Optimal: 1
Best member:
9 19 23 10 16 11 26 30 6 21 7 4 3 24 5 12 29 28 25 15 8 17 27 31 1 14 18 20 22 2 13 
239 772.406 1.29466 1.28466 0.00224922
Generasi Ke-239
Jarak Total: 777.706
Solusi Optimal: 1
Best member:
9 19 10 23 16 11 26 30 6 21 29 12 5 24 3 4 7 14 18 20 22 2 1 28 25 15 8 17 27 31 13 
240 772.406 1.29466 1.28499 0.00269291
Generasi Ke-240
Jarak Total: 779.2
Solusi Optimal: 1
Best member:
9 19 23 10 16 11 26 30 6 21 7 4 3 24 5 12 29 28 25 15 8 17 27 31 1 14 18 20 22 2 13 
241 772.406 1.29466 1.28502 0.00272492
Generasi Ke-241
Jarak Total: 779.2
Solusi Optimal: 1
Best member:
9 19 23 10 16 11 26 30 6 21 1 2 22 20 18 14 7 4 3 24 5 12 29 28 25 15 8 17 27 31 13 
242 772.406 1.29466 1.28493 0.00265062
Generasi Ke-242
Jarak Total: 779.2
Solusi Optimal: 1
Best member:
9 19 23 10 16 11 26 30 6 21 7 4 3 24 5 12 29 28 25 15 8 17 27 31 1 14 18 20 22 2 13 
243 772.406 1.29466 1.28505 0.00277291
Generasi Ke-243
Jarak Total: 779.2
Solusi Optimal: 1
Best member:
9 19 23 10 16 11 26 30 6 21 1 2 22 20 18 14 7 4 3 24 5 12 29 28 25 15 8 17 27 31 13 
244 772.406 1.29466 1.28513 0.00284193
Generasi Ke-244
Jarak Total: 779.2
Solusi Optimal: 1
Best member:
9 19 23 10 16 11 26 30 6 21 7 4 3 24 5 12 29 28 25 15 8 17 27 31 1 14 18 20 22 2 13 
245 772.406 1.29466 1.28526 0.00298762
Generasi Ke-245
Jarak Total: 773.9
Solusi Optimal: 1
Best member:
9 19 23 10 16 30 11 26 6 21 7 4 3 24 5 12 29 28 25 15 8 17 27 31 1 14 18 20 22 2 13 
246 772.406 1.29466 1.28525 0.00291798
Generasi Ke-246
Jarak Total: 779.2
Solusi Optimal: 1
Best member:
9 19 23 10 16 11 26 30 6 21 29 12 5 24 3 4 7 14 18 20 22 2 1 28 25 15 8 17 27 31 13 
247 772.406 1.29466 1.28511 0.00278685
Generasi Ke-247
Jarak Total: 779.2
Solusi Optimal: 1
Best member:
9 19 23 10 16 11 26 30 6 21 29 12 5 24 3 4 7 14 18 20 22 2 1 28 25 15 8 17 27 31 13 
248 772.406 1.29466 1.28522 0.00282743
Generasi Ke-248
Jarak Total: 777.706
Solusi Optimal: 1
Best member:
9 19 10 23 16 11 26 30 6 21 29 12 5 24 3 4 7 14 18 20 22 2 1 28 25 15 8 17 27 31 13 
249 772.406 1.29466 1.28545 0.00297152
Generasi Ke-249
Jarak Total: 777.706
Solusi Optimal: 1
Best member:
9 19 10 23 16 11 26 30 6 21 29 12 5 24 3 4 7 14 18 20 22 2 1 28 25 15 8 17 27 31 13 
250 772.406 1.29466 1.28555 0.00303481
Generasi Ke-250
Jarak Total: 777.706
Solusi Optimal: 1
Best member:
9 19 10 23 16 11 26 30 6 21 29 12 5 24 3 4 7 14 18 20 22 2 1 28 25 15 8 17 27 31 13 
251 772.406 1.29466 1.28574 0.00306767
Generasi Ke-251
Jarak Total: 779.2
Solusi Optimal: 1
Best member:
9 19 23 10 16 11 26 30 6 21 7 4 3 24 5 12 29 28 25 15 8 17 27 31 1 14 18 20 22 2 13 
252 772.406 1.29466 1.28583 0.0031519
Generasi Ke-252
Jarak Total: 777.706
Solusi Optimal: 1
Best member:
9 19 10 23 16 11 26 30 6 21 7 4 3 24 5 12 29 28 25 15 8 17 27 31 1 14 18 20 22 2 13 
253 772.406 1.29466 1.28609 0.00327695
Generasi Ke-253
Jarak Total: 779.2
Solusi Optimal: 1
Best member:
9 19 23 10 16 11 26 30 6 21 7 4 3 24 5 12 29 28 25 15 8 17 27 31 1 14 18 20 22 2 13 
254 772.406 1.29466 1.2862 0.00327743
Generasi Ke-254
Jarak Total: 779.2
Solusi Optimal: 1
Best member:
9 19 23 10 16 11 26 30 6 21 7 4 3 24 5 12 29 28 25 15 8 17 27 31 1 14 18 20 22 2 13 
255 772.406 1.29466 1.28623 0.00331191
Generasi Ke-255
Jarak Total: 773.9
Solusi Optimal: 1
Best member:
9 19 23 10 16 30 11 26 6 21 7 4 3 24 5 12 29 28 25 15 8 17 27 31 1 14 18 20 22 2 13 
256 772.406 1.29466 1.28661 0.00342108
Generasi Ke-256
Jarak Total: 779.2
Solusi Optimal: 1
Best member:
9 19 23 10 16 11 26 30 6 21 7 4 3 24 5 12 29 28 25 15 8 17 27 31 1 14 18 20 22 2 13 
257 772.406 1.29466 1.28668 0.00351023
Generasi Ke-257
Jarak Total: 779.2
Solusi Optimal: 1
Best member:
9 19 23 10 16 11 26 30 6 21 7 4 3 24 5 12 29 28 25 15 8 17 27 31 1 14 18 20 22 2 13 
258 772.406 1.29466 1.28709 0.00366291
Generasi Ke-258
Jarak Total: 773.9
Solusi Optimal: 1
Best member:
9 19 23 10 16 30 11 26 6 21 7 4 3 24 5 12 29 28 25 15 8 17 27 31 1 14 18 20 22 2 13 
259 772.406 1.29466 1.28691 0.00362012
Generasi Ke-259
Jarak Total: 777.706
Solusi Optimal: 1
Best member:
9 19 10 23 16 11 26 30 6 21 29 12 5 24 3 4 7 14 18 20 22 2 1 28 25 15 8 17 27 31 13 
260 772.406 1.29466 1.28719 0.0037198
Generasi Ke-260
Jarak Total: 777.706
Solusi Optimal: 1
Best member:
9 19 10 23 16 11 26 30 6 21 29 12 5 24 3 4 7 14 18 20 22 2 1 28 25 15 8 17 27 31 13 
261 772.406 1.29466 1.28699 0.00367015
Generasi Ke-261
Jarak Total: 777.706
Solusi Optimal: 1
Best member:
9 19 10 23 16 11 26 30 6 21 29 12 5 24 3 4 7 14 18 20 22 2 1 28 25 15 8 17 27 31 13 
262 772.406 1.29466 1.28693 0.00366811
Generasi Ke-262
Jarak Total: 779.2
Solusi Optimal: 1
Best member:
9 19 23 10 16 11 26 30 6 21 7 4 3 24 5 12 29 28 25 15 8 17 27 31 1 14 18 20 22 2 13 
263 772.406 1.29466 1.28686 0.00370504
Generasi Ke-263
Jarak Total: 777.706
Solusi Optimal: 1
Best member:
9 19 10 23 16 11 26 30 6 21 7 4 3 24 5 12 29 28 25 15 8 17 27 31 1 14 18 20 22 2 13 
264 772.406 1.29466 1.28721 0.00382705
Generasi Ke-264
Jarak Total: 779.2
Solusi Optimal: 1
Best member:
9 19 23 10 16 11 26 30 6 21 7 4 3 24 5 12 29 28 25 15 8 17 27 31 1 14 18 20 22 2 13 
265 772.406 1.29466 1.28737 0.00389185
Generasi Ke-265
Jarak Total: 779.2
Solusi Optimal: 1
Best member:
9 19 23 10 16 11 26 30 6 21 7 4 3 24 5 12 29 28 25 15 8 17 27 31 1 14 18 20 22 2 13 
266 772.406 1.29466 1.2874 0.0038628
Generasi Ke-266
Jarak Total: 773.9
Solusi Optimal: 1
Best member:
9 19 23 10 16 30 11 26 6 21 7 4 3 24 5 12 29 28 25 15 8 17 27 31 1 14 18 20 22 2 13 
267 772.406 1.29466 1.2877 0.00387649
Generasi Ke-267
Jarak Total: 779.2
Solusi Optimal: 1
Best member:
9 19 23 10 16 11 26 30 6 21 7 4 3 24 5 12 29 28 25 15 8 17 27 31 1 14 18 20 22 2 13 
268 772.406 1.29466 1.28784 0.00387543
Generasi Ke-268
Jarak Total: 777.706
Solusi Optimal: 1
Best member:
9 19 10 23 16 11 26 30 6 21 29 12 5 24 3 4 7 14 18 20 22 2 1 28 25 15 8 17 27 31 13 
269 772.406 1.29466 1.28791 0.00382151
Generasi Ke-269
Jarak Total: 779.2
Solusi Optimal: 1
Best member:
9 19 23 10 16 11 26 30 6 21 7 4 3 24 5 12 29 28 25 15 8 17 27 31 1 14 18 20 22 2 13 
270 772.406 1.29466 1.2877 0.00380246
Generasi Ke-270
Jarak Total: 773.9
Solusi Optimal: 1
Best member:
9 19 23 10 16 30 11 26 6 21 7 4 3 24 5 12 29 28 25 15 8 17 27 31 1 14 18 20 22 2 13 
271 772.406 1.29466 1.28785 0.00380949
Generasi Ke-271
Jarak Total: 773.9
Solusi Optimal: 1
Best member:
9 19 23 10 16 30 11 26 6 21 7 4 3 24 5 12 29 28 25 15 8 17 27 31 1 14 18 20 22 2 13 
272 772.406 1.29466 1.28805 0.00383851
Generasi Ke-272
Jarak Total: 773.9
Solusi Optimal: 1
Best member:
9 19 23 10 16 30 11 26 6 21 7 4 3 24 5 12 29 28 25 15 8 17 27 31 1 14 18 20 22 2 13 
273 772.406 1.29466 1.28847 0.00382732
Generasi Ke-273
Jarak Total: 777.706
Solusi Optimal: 1
Best member:
9 19 10 23 16 11 26 30 6 21 29 12 5 24 3 4 7 14 18 20 22 2 1 28 25 15 8 17 27 31 13 
274 772.406 1.29466 1.28869 0.00380027
Generasi Ke-274
Jarak Total: 773.9
Solusi Optimal: 1
Best member:
9 19 23 10 16 30 11 26 6 21 7 4 3 24 5 12 29 28 25 15 8 17 27 31 1 14 18 20 22 2 13 
275 772.406 1.29466 1.28856 0.0037934
Generasi Ke-275
Jarak Total: 773.9
Solusi Optimal: 1
Best member:
9 19 23 10 16 30 11 26 6 21 7 4 3 24 5 12 29 28 25 15 8 17 27 31 1 14 18 20 22 2 13 
276 772.406 1.29466 1.28839 0.00379334
Generasi Ke-276
Jarak Total: 777.706
Solusi Optimal: 1
Best member:
9 19 10 23 16 11 26 30 6 21 29 12 5 24 3 4 7 14 18 20 22 2 1 28 25 15 8 17 27 31 13 
277 772.406 1.29466 1.28815 0.00383766
Generasi Ke-277
Jarak Total: 777.706
Solusi Optimal: 1
Best member:
9 19 10 23 16 11 26 30 6 21 29 12 5 24 3 4 7 14 18 20 22 2 1 28 25 15 8 17 27 31 13 
278 772.406 1.29466 1.28791 0.00379532
Generasi Ke-278
Jarak Total: 777.706
Solusi Optimal: 1
Best member:
9 19 10 23 16 11 26 30 6 21 7 4 3 24 5 12 29 28 25 15 8 17 27 31 1 14 18 20 22 2 13 
279 772.406 1.29466 1.28793 0.00380024
Generasi Ke-279
Jarak Total: 779.2
Solusi Optimal: 1
Best member:
9 19 23 10 16 11 26 30 6 21 7 4 3 24 5 12 29 28 25 15 8 17 27 31 1 14 18 20 22 2 13 
280 772.406 1.29466 1.28767 0.00377003
Generasi Ke-280
Jarak Total: 779.2
Solusi Optimal: 1
Best member:
9 19 23 10 16 11 26 30 6 21 7 4 3 24 5 12 29 28 25 15 8 17 27 31 1 14 18 20 22 2 13 
281 772.406 1.29466 1.28768 0.003855
Generasi Ke-281
Jarak Total: 779.2
Solusi Optimal: 1
Best member:
9 19 23 10 16 11 26 30 6 21 7 4 3 24 5 12 29 28 25 15 8 17 27 31 1 14 18 20 22 2 13 
282 772.406 1.29466 1.2875 0.00383085
Generasi Ke-282
Jarak Total: 779.2
Solusi Optimal: 1
Best member:
9 19 23 10 16 11 26 30 6 21 7 4 3 24 5 12 29 28 25 15 8 17 27 31 1 14 18 20 22 2 13 
283 772.406 1.29466 1.28742 0.00385845
Generasi Ke-283
Jarak Total: 779.2
Solusi Optimal: 1
Best member:
9 19 23 10 16 11 26 30 6 21 7 4 3 24 5 12 29 28 25 15 8 17 27 31 1 14 18 20 22 2 13 
284 772.406 1.29466 1.28719 0.00381303
Generasi Ke-284
Jarak Total: 773.9
Solusi Optimal: 1
Best member:
9 19 23 10 16 30 11 26 6 21 7 4 3 24 5 12 29 28 25 15 8 17 27 31 1 14 18 20 22 2 13 
285 772.406 1.29466 1.28752 0.00395214
Generasi Ke-285
Jarak Total: 773.9
Solusi Optimal: 1
Best member:
9 19 23 10 16 30 11 26 6 21 7 4 3 24 5 12 29 28 25 15 8 17 27 31 1 14 18 20 22 2 13 
286 772.406 1.29466 1.28764 0.00403837
Generasi Ke-286
Jarak Total: 773.9
Solusi Optimal: 1
Best member:
9 19 23 10 16 30 11 26 6 21 7 4 3 24 5 12 29 28 25 15 8 17 27 31 1 14 18 20 22 2 13 
287 772.406 1.29466 1.28747 0.00405915
Generasi Ke-287
Jarak Total: 777.706
Solusi Optimal: 1
Best member:
9 19 10 23 16 11 26 30 6 21 7 4 3 24 5 12 29 28 25 15 8 17 27 31 1 14 18 20 22 2 13 
288 772.406 1.29466 1.28759 0.00407507
Generasi Ke-288
Jarak Total: 773.9
Solusi Optimal: 1
Best member:
9 19 23 10 16 30 11 26 6 21 7 4 3 24 5 12 29 28 25 15 8 17 27 31 1 14 18 20 22 2 13 
289 772.406 1.29466 1.28767 0.00393216
Generasi Ke-289
Jarak Total: 779.2
Solusi Optimal: 1
Best member:
9 19 23 10 16 11 26 30 6 21 7 4 3 24 5 12 29 28 25 15 8 17 27 31 1 14 18 20 22 2 13 
290 772.406 1.29466 1.28764 0.00394101
Generasi Ke-290
Jarak Total: 773.9
Solusi Optimal: 1
Best member:
9 19 23 10 16 30 11 26 6 21 7 4 3 24 5 12 29 28 25 15 8 17 27 31 1 14 18 20 22 2 13 
291 772.406 1.29466 1.28757 0.00394763
Generasi Ke-291
Jarak Total: 773.9
Solusi Optimal: 1
Best member:
9 19 23 10 16 30 11 26 6 21 7 4 3 24 5 12 29 28 25 15 8 17 27 31 1 14 18 20 22 2 13 
292 772.406 1.29466 1.28735 0.00386537
Generasi Ke-292
Jarak Total: 779.2
Solusi Optimal: 1
Best member:
9 19 23 10 16 11 26 30 6 21 7 4 3 24 5 12 29 28 25 15 8 17 27 31 1 14 18 20 22 2 13 
293 772.406 1.29466 1.28793 0.00395684
Generasi Ke-293
Jarak Total: 779.2
Solusi Optimal: 1
Best member:
9 19 23 10 16 11 26 30 6 21 7 4 3 24 5 12 29 28 25 15 8 17 27 31 1 14 18 20 22 2 13 
294 772.406 1.29466 1.288 0.00397
Generasi Ke-294
Jarak Total: 779.2
Solusi Optimal: 1
Best member:
9 19 23 10 16 11 26 30 6 21 7 4 3 24 5 12 29 28 25 15 8 17 27 31 1 14 18 20 22 2 13 
295 752.475 1.32895 1.28821 0.00442628
Generasi Ke-295
Jarak Total: 777.706
Solusi Optimal: 1
Best member:
9 19 10 23 16 11 26 30 6 21 29 12 5 24 3 4 7 14 18 20 22 2 1 28 25 15 8 17 27 31 13 
296 752.475 1.32895 1.28817 0.00443399
Generasi Ke-296
Jarak Total: 773.9
Solusi Optimal: 1
Best member:
9 19 23 10 16 30 11 26 6 21 7 4 3 24 5 12 29 28 25 15 8 17 27 31 1 14 18 20 22 2 13 
297 752.475 1.32895 1.2881 0.00440052
Generasi Ke-297
Jarak Total: 777.706
Solusi Optimal: 1
Best member:
9 19 10 23 16 11 26 30 6 21 29 12 5 24 3 4 7 14 18 20 22 2 1 28 25 15 8 17 27 31 13 
298 752.475 1.32895 1.28814 0.00474573
Generasi Ke-298
Jarak Total: 777.706
Solusi Optimal: 1
Best member:
9 19 10 23 16 11 26 30 6 21 29 12 5 24 3 4 7 14 18 20 22 2 1 28 25 15 8 17 27 31 13 
299 752.475 1.32895 1.2883 0.00475906
Generasi Ke-299
Jarak Total: 779.2
Solusi Optimal: 1
Best member:
9 19 23 10 16 11 26 30 6 21 7 4 3 24 5 12 29 28 25 15 8 17 27 31 1 14 18 20 22 2 13 
300 752.475 1.32895 1.28864 0.00514688
Generasi Ke-300
Jarak Total: 773.9
Solusi Optimal: 1
Best member:
9 19 23 10 16 30 11 26 6 21 7 4 3 24 5 12 29 28 25 15 8 17 27 31 1 14 18 20 22 2 13 
301 752.475 1.32895 1.289 0.00536986
Generasi Ke-301
Jarak Total: 772.406
Solusi Optimal: 1
Best member:
9 19 10 23 16 30 11 26 6 21 7 4 3 24 5 12 29 28 25 15 8 17 27 31 1 14 18 20 22 2 13 
302 752.475 1.32895 1.28914 0.00533076
Generasi Ke-302
Jarak Total: 779.2
Solusi Optimal: 1
Best member:
9 19 23 10 16 11 26 30 6 21 7 4 3 24 5 12 29 28 25 15 8 17 27 31 1 14 18 20 22 2 13 
303 752.475 1.32895 1.28915 0.00504103
Generasi Ke-303
Jarak Total: 773.9
Solusi Optimal: 1
Best member:
9 19 23 10 16 30 11 26 6 21 7 4 3 24 5 12 29 28 25 15 8 17 27 31 1 14 18 20 22 2 13 
304 752.475 1.32895 1.28922 0.00438271
Generasi Ke-304
Jarak Total: 777.706
Solusi Optimal: 1
Best member:
9 19 10 23 16 11 26 30 6 21 29 12 5 24 3 4 7 14 18 20 22 2 1 28 25 15 8 17 27 31 13 
305 752.475 1.32895 1.28931 0.00437741
Generasi Ke-305
Jarak Total: 773.9
Solusi Optimal: 1
Best member:
9 19 23 10 16 30 11 26 6 21 7 4 3 24 5 12 29 28 25 15 8 17 27 31 1 14 18 20 22 2 13 
306 752.475 1.32895 1.28937 0.00471369
Generasi Ke-306
Jarak Total: 777.706
Solusi Optimal: 1
Best member:
9 19 10 23 16 11 26 30 6 21 29 12 5 24 3 4 7 14 18 20 22 2 1 28 25 15 8 17 27 31 13 
307 752.475 1.32895 1.28964 0.00468981
Generasi Ke-307
Jarak Total: 772.406
Solusi Optimal: 1
Best member:
9 19 10 23 16 30 11 26 6 21 7 4 3 24 5 12 29 28 25 15 8 17 27 31 1 14 18 20 22 2 13 
308 752.475 1.32895 1.2898 0.00431565
Generasi Ke-308
Jarak Total: 777.706
Solusi Optimal: 1
Best member:
9 19 10 23 16 11 26 30 6 21 7 4 3 24 5 12 29 28 25 15 8 17 27 31 1 14 18 20 22 2 13 
309 752.475 1.32895 1.28974 0.00463561
Generasi Ke-309
Jarak Total: 779.2
Solusi Optimal: 1
Best member:
9 19 23 10 16 11 26 30 6 21 7 4 3 24 5 12 29 28 25 15 8 17 27 31 1 14 18 20 22 2 13 
310 752.475 1.32895 1.29008 0.00489163
Generasi Ke-310
Jarak Total: 773.9
Solusi Optimal: 1
Best member:
9 19 23 10 16 30 11 26 6 21 7 4 3 24 5 12 29 28 25 15 8 17 27 31 1 14 18 20 22 2 13 
311 752.475 1.32895 1.29031 0.0051364
Generasi Ke-311
Jarak Total: 772.406
Solusi Optimal: 1
Best member:
9 19 10 23 16 30 11 26 6 21 7 4 3 24 5 12 29 28 25 15 8 17 27 31 1 14 18 20 22 2 13 
312 752.475 1.32895 1.29067 0.00647627
Generasi Ke-312
Jarak Total: 773.9
Solusi Optimal: 1
Best member:
9 19 23 10 16 30 11 26 6 21 7 4 3 24 5 12 29 28 25 15 8 17 27 31 1 14 18 20 22 2 13 
313 750.981 1.33159 1.29133 0.00745231
Generasi Ke-313
Jarak Total: 779.2
Solusi Optimal: 1
Best member:
9 19 23 10 16 11 26 30 6 21 7 4 3 24 5 12 29 28 25 15 8 17 27 31 1 14 18 20 22 2 13 
314 750.981 1.33159 1.29099 0.0071091
Generasi Ke-314
Jarak Total: 773.9
Solusi Optimal: 1
Best member:
9 19 23 10 16 30 11 26 6 21 7 4 3 24 5 12 29 28 25 15 8 17 27 31 1 14 18 20 22 2 13 
315 750.981 1.33159 1.29123 0.00782431
Generasi Ke-315
Jarak Total: 779.2
Solusi Optimal: 1
Best member:
9 19 23 10 16 11 26 30 6 21 7 4 3 24 5 12 29 28 25 15 8 17 27 31 1 14 18 20 22 2 13 
316 750.981 1.33159 1.29122 0.00769767
Generasi Ke-316
Jarak Total: 773.9
Solusi Optimal: 1
Best member:
9 19 23 10 16 30 11 26 6 21 7 4 3 24 5 12 29 28 25 15 8 17 27 31 1 14 18 20 22 2 13 
317 750.981 1.33159 1.29102 0.00707716
Generasi Ke-317
Jarak Total: 772.406
Solusi Optimal: 1
Best member:
9 19 10 23 16 30 11 26 6 21 7 4 3 24 5 12 29 28 25 15 8 17 27 31 1 14 18 20 22 2 13 
318 750.981 1.33159 1.2921 0.00842793
Generasi Ke-318
Jarak Total: 773.9
Solusi Optimal: 1
Best member:
9 19 23 10 16 30 11 26 6 21 7 4 3 24 5 12 29 28 25 15 8 17 27 31 1 14 18 20 22 2 13 
319 746.635 1.33934 1.2921 0.00870481
Generasi Ke-319
Jarak Total: 779.2
Solusi Optimal: 1
Best member:
9 19 23 10 16 11 26 30 6 21 7 4 3 24 5 12 29 28 25 15 8 17 27 31 1 14 18 20 22 2 13 
320 746.635 1.33934 1.29183 0.00826767
Generasi Ke-320
Jarak Total: 773.9
Solusi Optimal: 1
Best member:
9 19 23 10 16 30 11 26 6 21 7 4 3 24 5 12 29 28 25 15 8 17 27 31 1 14 18 20 22 2 13 
321 746.635 1.33934 1.29151 0.0077914
Generasi Ke-321
Jarak Total: 772.406
Solusi Optimal: 1
Best member:
9 19 10 23 16 30 11 26 6 21 7 4 3 24 5 12 29 28 25 15 8 17 27 31 1 14 18 20 22 2 13 
322 746.635 1.33934 1.29211 0.00923797
Generasi Ke-322
Jarak Total: 773.9
Solusi Optimal: 1
Best member:
9 19 23 10 16 30 11 26 6 21 7 4 3 24 5 12 29 28 25 15 8 17 27 31 1 14 18 20 22 2 13 
323 746.635 1.33934 1.29259 0.0104288
Generasi Ke-323
Jarak Total: 773.9
Solusi Optimal: 1
Best member:
9 19 23 10 16 30 11 26 6 21 7 4 3 24 5 12 29 28 25 15 8 17 27 31 1 14 18 20 22 2 13 
324 746.635 1.33934 1.29213 0.00908065
Generasi Ke-324
Jarak Total: 773.9
Solusi Optimal: 1
Best member:
9 19 23 10 16 30 11 26 6 21 7 4 3 24 5 12 29 28 25 15 8 17 27 31 1 14 18 20 22 2 13 
325 746.635 1.33934 1.29221 0.00912541
Generasi Ke-325
Jarak Total: 777.706
Solusi Optimal: 1
Best member:
9 19 10 23 16 11 26 30 6 21 29 12 5 24 3 4 7 14 18 20 22 2 1 28 25 15 8 17 27 31 13 
326 743.015 1.34587 1.29216 0.00944249
Generasi Ke-326
Jarak Total: 773.9
Solusi Optimal: 1
Best member:
9 19 23 10 16 30 11 26 6 21 7 4 3 24 5 12 29 28 25 15 8 17 27 31 1 14 18 20 22 2 13 
327 743.015 1.34587 1.29276 0.0101499
Generasi Ke-327
Jarak Total: 773.9
Solusi Optimal: 1
Best member:
9 19 23 10 16 30 11 26 6 21 7 4 3 24 5 12 29 28 25 15 8 17 27 31 1 14 18 20 22 2 13 
328 743.015 1.34587 1.293 0.011273
Generasi Ke-328
Jarak Total: 773.9
Solusi Optimal: 1
Best member:
9 19 23 10 16 30 11 26 6 21 7 4 3 24 5 12 29 28 25 15 8 17 27 31 1 14 18 20 22 2 13 
329 743.015 1.34587 1.29285 0.0111178
Generasi Ke-329
Jarak Total: 779.2
Solusi Optimal: 1
Best member:
9 19 23 10 16 11 26 30 6 21 7 4 3 24 5 12 29 28 25 15 8 17 27 31 1 14 18 20 22 2 13 
330 743.015 1.34587 1.29301 0.0113576
Generasi Ke-330
Jarak Total: 777.706
Solusi Optimal: 1
Best member:
9 19 10 23 16 11 26 30 6 21 7 4 3 24 5 12 29 28 25 15 8 17 27 31 1 14 18 20 22 2 13 
331 743.015 1.34587 1.29311 0.0113596
Generasi Ke-331
Jarak Total: 773.9
Solusi Optimal: 1
Best member:
9 19 23 10 16 30 11 26 6 21 7 4 3 24 5 12 29 28 25 15 8 17 27 31 1 14 18 20 22 2 13 
332 743.015 1.34587 1.29351 0.0128927
Generasi Ke-332
Jarak Total: 773.9
Solusi Optimal: 1
Best member:
9 19 23 10 16 30 11 26 6 21 7 4 3 24 5 12 29 28 25 15 8 17 27 31 1 14 18 20 22 2 13 
333 743.015 1.34587 1.29439 0.0140192
Generasi Ke-333
Jarak Total: 773.9
Solusi Optimal: 1
Best member:
9 19 23 10 16 30 11 26 6 21 7 4 3 24 5 12 29 28 25 15 8 17 27 31 1 14 18 20 22 2 13 
334 743.015 1.34587 1.29381 0.0131337
Generasi Ke-334
Jarak Total: 773.9
Solusi Optimal: 1
Best member:
9 19 23 10 16 30 11 26 6 21 7 4 3 24 5 12 29 28 25 15 8 17 27 31 1 14 18 20 22 2 13 
335 743.015 1.34587 1.2943 0.0140227
Generasi Ke-335
Jarak Total: 777.706
Solusi Optimal: 1
Best member:
9 19 10 23 16 11 26 30 6 21 7 4 3 24 5 12 29 28 25 15 8 17 27 31 1 14 18 20 22 2 13 
336 737.176 1.35653 1.29595 0.0160098
Generasi Ke-336
Jarak Total: 773.9
Solusi Optimal: 1
Best member:
9 19 23 10 16 30 11 26 6 21 7 4 3 24 5 12 29 28 25 15 8 17 27 31 1 14 18 20 22 2 13 
337 737.176 1.35653 1.29826 0.01847
Generasi Ke-337
Jarak Total: 773.9
Solusi Optimal: 1
Best member:
9 19 23 10 16 30 11 26 6 21 7 4 3 24 5 12 29 28 25 15 8 17 27 31 1 14 18 20 22 2 13 
338 737.176 1.35653 1.29797 0.0177642
Generasi Ke-338
Jarak Total: 773.9
Solusi Optimal: 1
Best member:
9 19 23 10 16 30 11 26 6 21 7 4 3 24 5 12 29 28 25 15 8 17 27 31 1 14 18 20 22 2 13 
339 737.176 1.35653 1.29815 0.0176567
Generasi Ke-339
Jarak Total: 773.9
Solusi Optimal: 1
Best member:
9 19 23 10 16 30 11 26 6 21 7 4 3 24 5 12 29 28 25 15 8 17 27 31 1 14 18 20 22 2 13 
340 737.176 1.35653 1.29908 0.0187741
Generasi Ke-340
Jarak Total: 773.9
Solusi Optimal: 1
Best member:
9 19 23 10 16 30 11 26 6 21 7 4 3 24 5 12 29 28 25 15 8 17 27 31 1 14 18 20 22 2 13 
341 737.176 1.35653 1.2991 0.0189233
Generasi Ke-341
Jarak Total: 777.706
Solusi Optimal: 1
Best member:
9 19 10 23 16 11 26 30 6 21 7 4 3 24 5 12 29 28 25 15 8 17 27 31 1 14 18 20 22 2 13 
342 737.176 1.35653 1.29846 0.0184368
Generasi Ke-342
Jarak Total: 773.9
Solusi Optimal: 1
Best member:
9 19 23 10 16 30 11 26 6 21 7 4 3 24 5 12 29 28 25 15 8 17 27 31 1 14 18 20 22 2 13 
343 737.176 1.35653 1.2984 0.0184822
Generasi Ke-343
Jarak Total: 777.706
Solusi Optimal: 1
Best member:
9 19 10 23 16 11 26 30 6 21 7 4 3 24 5 12 29 28 25 15 8 17 27 31 1 14 18 20 22 2 13 
344 737.176 1.35653 1.29875 0.018871
Generasi Ke-344
Jarak Total: 773.9
Solusi Optimal: 1
Best member:
9 19 23 10 16 30 11 26 6 21 7 4 3 24 5 12 29 28 25 15 8 17 27 31 1 14 18 20 22 2 13 
345 737.176 1.35653 1.29839 0.0187367
Generasi Ke-345
Jarak Total: 743.046
Solusi Optimal: 1
Best member:
5 12 29 24 3 4 7 21 6 26 11 30 16 23 10 9 19 28 25 15 8 17 27 31 1 14 18 20 22 2 13 
346 737.176 1.35653 1.29781 0.0185554
Generasi Ke-346
Jarak Total: 743.046
Solusi Optimal: 1
Best member:
5 12 29 24 3 4 7 21 6 26 11 30 16 23 10 9 19 28 25 15 8 17 27 31 1 14 18 20 22 2 13 
347 737.176 1.35653 1.29697 0.0178468
Generasi Ke-347
Jarak Total: 746.635
Solusi Optimal: 1
Best member:
5 12 29 24 3 4 7 21 6 26 11 30 16 10 23 9 19 28 25 15 8 17 27 31 1 14 18 20 22 2 13 
348 737.176 1.35653 1.29738 0.0183755
Generasi Ke-348
Jarak Total: 779.2
Solusi Optimal: 1
Best member:
9 19 23 10 16 11 26 30 6 21 7 4 3 24 5 12 29 28 25 15 8 17 27 31 1 14 18 20 22 2 13 
349 737.176 1.35653 1.29616 0.0173638
Generasi Ke-349
Jarak Total: 777.706
Solusi Optimal: 1
Best member:
9 19 10 23 16 11 26 30 6 21 29 12 5 24 3 4 7 14 18 20 22 2 1 28 25 15 8 17 27 31 13 
350 737.176 1.35653 1.29723 0.0182342
Generasi Ke-350
Jarak Total: 777.706
Solusi Optimal: 1
Best member:
9 19 10 23 16 11 26 30 6 21 7 4 3 24 5 12 29 28 25 15 8 17 27 31 1 14 18 20 22 2 13 
351 737.176 1.35653 1.29719 0.0177889
Generasi Ke-351
Jarak Total: 772.406
Solusi Optimal: 1
Best member:
9 19 10 23 16 30 11 26 6 21 7 4 3 24 5 12 29 28 25 15 8 17 27 31 1 14 18 20 22 2 13 
352 737.176 1.35653 1.29721 0.018241
Generasi Ke-352
Jarak Total: 777.706
Solusi Optimal: 1
Best member:
9 19 10 23 16 11 26 30 6 21 7 4 3 24 5 12 29 28 25 15 8 17 27 31 1 14 18 20 22 2 13 
353 737.176 1.35653 1.29691 0.0178652
Generasi Ke-353
Jarak Total: 772.406
Solusi Optimal: 1
Best member:
9 19 10 23 16 30 11 26 6 21 7 4 3 24 5 12 29 28 25 15 8 17 27 31 1 14 18 20 22 2 13 
354 737.176 1.35653 1.29733 0.018434
Generasi Ke-354
Jarak Total: 777.706
Solusi Optimal: 1
Best member:
9 19 10 23 16 11 26 30 6 21 7 4 3 24 5 12 29 28 25 15 8 17 27 31 1 14 18 20 22 2 13 
355 737.176 1.35653 1.2974 0.0185734
Generasi Ke-355
Jarak Total: 772.406
Solusi Optimal: 1
Best member:
9 19 10 23 16 30 11 26 6 21 7 4 3 24 5 12 29 28 25 15 8 17 27 31 1 14 18 20 22 2 13 
356 737.176 1.35653 1.29795 0.0190476
Generasi Ke-356
Jarak Total: 779.2
Solusi Optimal: 1
Best member:
9 19 23 10 16 11 26 30 6 21 7 4 3 24 5 12 29 28 25 15 8 17 27 31 1 14 18 20 22 2 13 
357 737.176 1.35653 1.29788 0.0187181
Generasi Ke-357
Jarak Total: 773.9
Solusi Optimal: 1
Best member:
9 19 23 10 16 30 11 26 6 21 7 4 3 24 5 12 29 28 25 15 8 17 27 31 1 14 18 20 22 2 13 
358 737.176 1.35653 1.29837 0.0197165
Generasi Ke-358
Jarak Total: 772.406
Solusi Optimal: 1
Best member:
9 19 10 23 16 30 11 26 6 21 7 4 3 24 5 12 29 28 25 15 8 17 27 31 1 14 18 20 22 2 13 
359 737.176 1.35653 1.29897 0.0201462
Generasi Ke-359
Jarak Total: 773.9
Solusi Optimal: 1
Best member:
9 19 23 10 16 30 11 26 6 21 7 4 3 24 5 12 29 28 25 15 8 17 27 31 1 14 18 20 22 2 13 
360 737.176 1.35653 1.30119 0.0220004
Generasi Ke-360
Jarak Total: 772.406
Solusi Optimal: 1
Best member:
9 19 10 23 16 30 11 26 6 21 7 4 3 24 5 12 29 28 25 15 8 17 27 31 1 14 18 20 22 2 13 
361 737.176 1.35653 1.3022 0.0226302
Generasi Ke-361
Jarak Total: 773.9
Solusi Optimal: 1
Best member:
9 19 23 10 16 30 11 26 6 21 7 4 3 24 5 12 29 28 25 15 8 17 27 31 1 14 18 20 22 2 13 
362 737.176 1.35653 1.30362 0.0232681
Generasi Ke-362
Jarak Total: 777.706
Solusi Optimal: 1
Best member:
9 19 10 23 16 11 26 30 6 21 7 4 3 24 5 12 29 28 25 15 8 17 27 31 1 14 18 20 22 2 13 
363 737.176 1.35653 1.30291 0.0227055
Generasi Ke-363
Jarak Total: 746.635
Solusi Optimal: 1
Best member:
5 12 29 24 3 4 7 21 6 26 11 30 16 10 23 9 19 28 25 15 8 17 27 31 1 14 18 20 22 2 13 
364 737.176 1.35653 1.30292 0.0226264
Generasi Ke-364
Jarak Total: 773.9
Solusi Optimal: 1
Best member:
9 19 23 10 16 30 11 26 6 21 7 4 3 24 5 12 29 28 25 15 8 17 27 31 1 14 18 20 22 2 13 
365 737.176 1.35653 1.30417 0.0234973
Generasi Ke-365
Jarak Total: 773.9
Solusi Optimal: 1
Best member:
9 19 23 10 16 30 11 26 6 21 7 4 3 24 5 12 29 28 25 15 8 17 27 31 1 14 18 20 22 2 13 
366 737.176 1.35653 1.30678 0.024338
Generasi Ke-366
Jarak Total: 772.406
Solusi Optimal: 1
Best member:
9 19 10 23 16 30 11 26 6 21 7 4 3 24 5 12 29 28 25 15 8 17 27 31 1 14 18 20 22 2 13 
367 737.176 1.35653 1.30638 0.0239633
Generasi Ke-367
Jarak Total: 773.9
Solusi Optimal: 1
Best member:
9 19 23 10 16 30 11 26 6 21 7 4 3 24 5 12 29 28 25 15 8 17 27 31 1 14 18 20 22 2 13 
368 737.176 1.35653 1.30848 0.0245857
Generasi Ke-368
Jarak Total: 746.635
Solusi Optimal: 1
Best member:
5 12 29 24 3 4 7 21 6 26 11 30 16 10 23 9 19 28 25 15 8 17 27 31 1 14 18 20 22 2 13 
369 737.176 1.35653 1.30843 0.0244144
Generasi Ke-369
Jarak Total: 773.9
Solusi Optimal: 1
Best member:
9 19 23 10 16 30 11 26 6 21 7 4 3 24 5 12 29 28 25 15 8 17 27 31 1 14 18 20 22 2 13 
370 737.176 1.35653 1.31031 0.0253542
Generasi Ke-370
Jarak Total: 772.406
Solusi Optimal: 1
Best member:
9 19 10 23 16 30 11 26 6 21 7 4 3 24 5 12 29 28 25 15 8 17 27 31 1 14 18 20 22 2 13 
371 737.176 1.35653 1.30964 0.0249197
Generasi Ke-371
Jarak Total: 777.706
Solusi Optimal: 1
Best member:
9 19 10 23 16 11 26 30 6 21 29 12 5 24 3 4 7 14 18 20 22 2 1 28 25 15 8 17 27 31 13 
372 737.176 1.35653 1.31079 0.0254603
Generasi Ke-372
Jarak Total: 746.635
Solusi Optimal: 1
Best member:
5 12 29 24 3 4 7 21 6 26 11 30 16 10 23 9 19 28 25 15 8 17 27 31 1 14 18 20 22 2 13 
373 737.176 1.35653 1.31201 0.0255464
Generasi Ke-373
Jarak Total: 772.406
Solusi Optimal: 1
Best member:
9 19 10 23 16 30 11 26 6 21 7 4 3 24 5 12 29 28 25 15 8 17 27 31 1 14 18 20 22 2 13 
374 737.176 1.35653 1.31239 0.0251605
Generasi Ke-374
Jarak Total: 772.406
Solusi Optimal: 1
Best member:
9 19 10 23 16 30 11 26 6 21 7 4 3 24 5 12 29 28 25 15 8 17 27 31 1 14 18 20 22 2 13 
375 733.586 1.36317 1.3141 0.0253664
Generasi Ke-375
Jarak Total: 746.635
Solusi Optimal: 1
Best member:
5 12 29 24 3 4 7 21 6 26 11 30 16 10 23 9 19 28 25 15 8 17 27 31 1 14 18 20 22 2 13 
376 733.586 1.36317 1.31624 0.0255841
Generasi Ke-376
Jarak Total: 743.046
Solusi Optimal: 1
Best member:
5 12 29 24 3 4 7 21 6 26 11 30 16 23 10 9 19 28 25 15 8 17 27 31 1 14 18 20 22 2 13 
377 733.586 1.36317 1.31703 0.0258342
Generasi Ke-377
Jarak Total: 746.635
Solusi Optimal: 1
Best member:
5 12 29 24 3 4 7 21 6 26 11 30 16 10 23 9 19 28 25 15 8 17 27 31 1 14 18 20 22 2 13 
378 733.586 1.36317 1.3194 0.0261475
Generasi Ke-378
Jarak Total: 746.635
Solusi Optimal: 1
Best member:
5 12 29 24 3 4 7 21 6 26 11 30 16 10 23 9 19 28 25 15 8 17 27 31 1 14 18 20 22 2 13 
379 733.586 1.36317 1.321 0.0259538
Generasi Ke-379
Jarak Total: 772.406
Solusi Optimal: 1
Best member:
9 19 10 23 16 30 11 26 6 21 7 4 3 24 5 12 29 28 25 15 8 17 27 31 1 14 18 20 22 2 13 
380 733.586 1.36317 1.32195 0.0257194
Generasi Ke-380
Jarak Total: 772.406
Solusi Optimal: 1
Best member:
9 19 10 23 16 30 11 26 6 21 7 4 3 24 5 12 29 28 25 15 8 17 27 31 1 14 18 20 22 2 13 
381 733.586 1.36317 1.32317 0.0253256
Generasi Ke-381
Jarak Total: 773.9
Solusi Optimal: 1
Best member:
9 19 23 10 16 30 11 26 6 21 7 4 3 24 5 12 29 28 25 15 8 17 27 31 1 14 18 20 22 2 13 
382 733.586 1.36317 1.32591 0.0247415
Generasi Ke-382
Jarak Total: 777.706
Solusi Optimal: 1
Best member:
9 19 10 23 16 11 26 30 6 21 29 12 5 24 3 4 7 14 18 20 22 2 1 28 25 15 8 17 27 31 13 
383 733.586 1.36317 1.32333 0.0250906
Generasi Ke-383
Jarak Total: 777.706
Solusi Optimal: 1
Best member:
9 19 10 23 16 11 26 30 6 21 29 12 5 24 3 4 7 14 18 20 22 2 1 28 25 15 8 17 27 31 13 
384 733.586 1.36317 1.324 0.0246267
Generasi Ke-384
Jarak Total: 773.9
Solusi Optimal: 1
Best member:
9 19 23 10 16 30 11 26 6 21 7 4 3 24 5 12 29 28 25 15 8 17 27 31 1 14 18 20 22 2 13 
385 733.586 1.36317 1.32632 0.0241279
Generasi Ke-385
Jarak Total: 773.9
Solusi Optimal: 1
Best member:
9 19 23 10 16 30 11 26 6 21 7 4 3 24 5 12 29 28 25 15 8 17 27 31 1 14 18 20 22 2 13 
386 733.586 1.36317 1.32829 0.0236461
Generasi Ke-386
Jarak Total: 746.635
Solusi Optimal: 1
Best member:
5 12 29 24 3 4 7 21 6 26 11 30 16 10 23 9 19 28 25 15 8 17 27 31 1 14 18 20 22 2 13 
387 733.586 1.36317 1.32892 0.0235514
Generasi Ke-387
Jarak Total: 773.9
Solusi Optimal: 1
Best member:
9 19 23 10 16 30 11 26 6 21 7 4 3 24 5 12 29 28 25 15 8 17 27 31 1 14 18 20 22 2 13 
388 733.586 1.36317 1.33108 0.0230271
Generasi Ke-388
Jarak Total: 746.635
Solusi Optimal: 1
Best member:
5 12 29 24 3 4 7 21 6 26 11 30 16 10 23 9 19 28 25 15 8 17 27 31 1 14 18 20 22 2 13 
389 733.586 1.36317 1.33344 0.0217863
Generasi Ke-389
Jarak Total: 777.706
Solusi Optimal: 1
Best member:
9 19 10 23 16 11 26 30 6 21 29 12 5 24 3 4 7 14 18 20 22 2 1 28 25 15 8 17 27 31 13 
390 733.586 1.36317 1.33575 0.0219182
Generasi Ke-390
Jarak Total: 737.176
Solusi Optimal: 1
Best member:
12 5 29 24 3 4 7 21 6 26 11 30 16 10 23 9 19 28 25 15 8 17 27 31 1 14 18 20 22 2 13 
391 733.586 1.36317 1.33578 0.0217534
Generasi Ke-391
Jarak Total: 777.706
Solusi Optimal: 1
Best member:
9 19 10 23 16 11 26 30 6 21 29 12 5 24 3 4 7 14 18 20 22 2 1 28 25 15 8 17 27 31 13 
392 733.586 1.36317 1.33661 0.0208519
Generasi Ke-392
Jarak Total: 746.635
Solusi Optimal: 1
Best member:
5 12 29 24 3 4 7 21 6 26 11 30 16 10 23 9 19 28 25 15 8 17 27 31 1 14 18 20 22 2 13 
393 733.586 1.36317 1.33656 0.0201501
Generasi Ke-393
Jarak Total: 773.9
Solusi Optimal: 1
Best member:
9 19 23 10 16 30 11 26 6 21 7 4 3 24 5 12 29 28 25 15 8 17 27 31 1 14 18 20 22 2 13 
394 733.586 1.36317 1.33727 0.0207135
Generasi Ke-394
Jarak Total: 746.635
Solusi Optimal: 1
Best member:
5 12 29 24 3 4 7 21 6 26 11 30 16 10 23 9 19 28 25 15 8 17 27 31 1 14 18 20 22 2 13 
395 733.586 1.36317 1.33811 0.0197871
Generasi Ke-395
Jarak Total: 746.635
Solusi Optimal: 1
Best member:
5 12 29 24 3 4 7 21 6 26 11 30 16 10 23 9 19 28 25 15 8 17 27 31 1 14 18 20 22 2 13 
396 733.586 1.36317 1.33902 0.0179708
Generasi Ke-396
Jarak Total: 746.635
Solusi Optimal: 1
Best member:
5 12 29 24 3 4 7 21 6 26 11 30 16 10 23 9 19 28 25 15 8 17 27 31 1 14 18 20 22 2 13 
397 733.586 1.36317 1.34041 0.0168048
Generasi Ke-397
Jarak Total: 746.635
Solusi Optimal: 1
Best member:
5 12 29 24 3 4 7 21 6 26 11 30 16 10 23 9 19 28 25 15 8 17 27 31 1 14 18 20 22 2 13 
398 733.586 1.36317 1.34104 0.0165263
Generasi Ke-398
Jarak Total: 772.406
Solusi Optimal: 1
Best member:
9 19 10 23 16 30 11 26 6 21 7 4 3 24 5 12 29 28 25 15 8 17 27 31 1 14 18 20 22 2 13 
399 733.586 1.36317 1.3415 0.0166981
Generasi Ke-399
Jarak Total: 746.635
Solusi Optimal: 1
Best member:
5 12 29 24 3 4 7 21 6 26 11 30 16 10 23 9 19 28 25 15 8 17 27 31 1 14 18 20 22 2 13 
400 733.586 1.36317 1.34198 0.0159498
Generasi Ke-400
Jarak Total: 746.635
Solusi Optimal: 1
Best member:
5 12 29 24 3 4 7 21 6 26 11 30 16 10 23 9 19 28 25 15 8 17 27 31 1 14 18 20 22 2 13 
401 733.586 1.36317 1.34131 0.0171643
Generasi Ke-401
Jarak Total: 746.635
Solusi Optimal: 1
Best member:
5 12 29 24 3 4 7 21 6 26 11 30 16 10 23 9 19 28 25 15 8 17 27 31 1 14 18 20 22 2 13 
402 733.586 1.36317 1.34193 0.0159332
Generasi Ke-402
Jarak Total: 746.635
Solusi Optimal: 1
Best member:
5 12 29 24 3 4 7 21 6 26 11 30 16 10 23 9 19 28 25 15 8 17 27 31 1 14 18 20 22 2 13 
403 733.586 1.36317 1.34369 0.014936
Generasi Ke-403
Jarak Total: 746.635
Solusi Optimal: 1
Best member:
5 12 29 24 3 4 7 21 6 26 11 30 16 10 23 9 19 28 25 15 8 17 27 31 1 14 18 20 22 2 13 
404 733.586 1.36317 1.34459 0.0143911
Generasi Ke-404
Jarak Total: 746.635
Solusi Optimal: 1
Best member:
5 12 29 24 3 4 7 21 6 26 11 30 16 10 23 9 19 28 25 15 8 17 27 31 1 14 18 20 22 2 13 
405 733.586 1.36317 1.34417 0.0154335
Generasi Ke-405
Jarak Total: 737.176
Solusi Optimal: 1
Best member:
12 5 29 24 3 4 7 21 6 26 11 30 16 10 23 9 19 28 25 15 8 17 27 31 1 14 18 20 22 2 13 
406 733.586 1.36317 1.3439 0.0153957
Generasi Ke-406
Jarak Total: 746.635
Solusi Optimal: 1
Best member:
5 12 29 24 3 4 7 21 6 26 11 30 16 10 23 9 19 28 25 15 8 17 27 31 1 14 18 20 22 2 13 
407 733.586 1.36317 1.34248 0.0164145
Generasi Ke-407
Jarak Total: 746.635
Solusi Optimal: 1
Best member:
5 12 29 24 3 4 7 21 6 26 11 30 16 10 23 9 19 28 25 15 8 17 27 31 1 14 18 20 22 2 13 
408 733.586 1.36317 1.34365 0.0164804
Generasi Ke-408
Jarak Total: 746.635
Solusi Optimal: 1
Best member:
5 12 29 24 3 4 7 21 6 26 11 30 16 10 23 9 19 28 25 15 8 17 27 31 1 14 18 20 22 2 13 
409 733.586 1.36317 1.3446 0.0152313
Generasi Ke-409
Jarak Total: 746.635
Solusi Optimal: 1
Best member:
5 12 29 24 3 4 7 21 6 26 11 30 16 10 23 9 19 28 25 15 8 17 27 31 1 14 18 20 22 2 13 
410 733.586 1.36317 1.34559 0.0148512
Generasi Ke-410
Jarak Total: 746.635
Solusi Optimal: 1
Best member:
5 12 29 24 3 4 7 21 6 26 11 30 16 10 23 9 19 28 25 15 8 17 27 31 1 14 18 20 22 2 13 
411 733.586 1.36317 1.34534 0.0143435
Generasi Ke-411
Jarak Total: 746.635
Solusi Optimal: 1
Best member:
5 12 29 24 3 4 7 21 6 26 11 30 16 10 23 9 19 28 25 15 8 17 27 31 1 14 18 20 22 2 13 
412 733.586 1.36317 1.34533 0.0143
Generasi Ke-412
Jarak Total: 733.586
Solusi Optimal: 1
Best member:
12 5 29 24 3 4 7 21 6 26 11 30 16 23 10 9 19 28 25 15 8 17 27 31 1 14 18 20 22 2 13 
413 733.586 1.36317 1.34621 0.013464
Generasi Ke-413
Jarak Total: 733.586
Solusi Optimal: 1
Best member:
12 5 29 24 3 4 7 21 6 26 11 30 16 23 10 9 19 28 25 15 8 17 27 31 1 14 18 20 22 2 13 
414 733.586 1.36317 1.34798 0.0130847
Generasi Ke-414
Jarak Total: 743.046
Solusi Optimal: 1
Best member:
5 12 29 24 3 4 7 21 6 26 11 30 16 23 10 9 19 28 25 15 8 17 27 31 1 14 18 20 22 2 13 
415 733.586 1.36317 1.34879 0.0126732
Generasi Ke-415
Jarak Total: 746.635
Solusi Optimal: 1
Best member:
5 12 29 24 3 4 7 21 6 26 11 30 16 10 23 9 19 28 25 15 8 17 27 31 1 14 18 20 22 2 13 
416 733.586 1.36317 1.34931 0.0118718
Generasi Ke-416
Jarak Total: 746.635
Solusi Optimal: 1
Best member:
5 12 29 24 3 4 7 21 6 26 11 30 16 10 23 9 19 28 25 15 8 17 27 31 1 14 18 20 22 2 13 
417 733.586 1.36317 1.35057 0.0106895
Generasi Ke-417
Jarak Total: 743.046
Solusi Optimal: 1
Best member:
5 12 29 24 3 4 7 21 6 26 11 30 16 23 10 9 19 28 25 15 8 17 27 31 1 14 18 20 22 2 13 
418 733.586 1.36317 1.35025 0.0113376
Generasi Ke-418
Jarak Total: 737.176
Solusi Optimal: 1
Best member:
12 5 29 24 3 4 7 21 6 26 11 30 16 10 23 9 19 28 25 15 8 17 27 31 1 14 18 20 22 2 13 
419 733.586 1.36317 1.34961 0.0102523
Generasi Ke-419
Jarak Total: 733.586
Solusi Optimal: 1
Best member:
12 5 29 24 3 4 7 21 6 26 11 30 16 23 10 9 19 28 25 15 8 17 27 31 1 14 18 20 22 2 13 
420 733.586 1.36317 1.34958 0.00985118
Generasi Ke-420
Jarak Total: 746.635
Solusi Optimal: 1
Best member:
5 12 29 24 3 4 7 21 6 26 11 30 16 10 23 9 19 28 25 15 8 17 27 31 1 14 18 20 22 2 13 
421 733.586 1.36317 1.34986 0.00984034
Generasi Ke-421
Jarak Total: 733.586
Solusi Optimal: 1
Best member:
12 5 29 24 3 4 7 21 6 26 11 30 16 23 10 9 19 28 25 15 8 17 27 31 1 14 18 20 22 2 13 
422 733.586 1.36317 1.35038 0.00970257
Generasi Ke-422
Jarak Total: 737.176
Solusi Optimal: 1
Best member:
12 5 29 24 3 4 7 21 6 26 11 30 16 10 23 9 19 28 25 15 8 17 27 31 1 14 18 20 22 2 13 
423 733.586 1.36317 1.35072 0.00958945
Generasi Ke-423
Jarak Total: 743.046
Solusi Optimal: 1
Best member:
5 12 29 24 3 4 7 21 6 26 11 30 16 23 10 9 19 28 25 15 8 17 27 31 1 14 18 20 22 2 13 
424 733.586 1.36317 1.35099 0.00954372
Generasi Ke-424
Jarak Total: 737.176
Solusi Optimal: 1
Best member:
12 5 29 24 3 4 7 21 6 26 11 30 16 10 23 9 19 28 25 15 8 17 27 31 1 14 18 20 22 2 13 
425 733.586 1.36317 1.35178 0.00948621
Generasi Ke-425
Jarak Total: 737.176
Solusi Optimal: 1
Best member:
12 5 29 24 3 4 7 21 6 26 11 30 16 10 23 9 19 28 25 15 8 17 27 31 1 14 18 20 22 2 13 
426 733.586 1.36317 1.35232 0.00941223
Generasi Ke-426
Jarak Total: 733.586
Solusi Optimal: 1
Best member:
12 5 29 24 3 4 7 21 6 26 11 30 16 23 10 9 19 28 25 15 8 17 27 31 1 14 18 20 22 2 13 
427 733.586 1.36317 1.35251 0.00939008
Generasi Ke-427
Jarak Total: 746.635
Solusi Optimal: 1
Best member:
5 12 29 24 3 4 7 21 6 26 11 30 16 10 23 9 19 28 25 15 8 17 27 31 1 14 18 20 22 2 13 
428 733.586 1.36317 1.35293 0.0092243
Generasi Ke-428
Jarak Total: 737.176
Solusi Optimal: 1
Best member:
12 5 29 24 3 4 7 21 6 26 11 30 16 10 23 9 19 28 25 15 8 17 27 31 1 14 18 20 22 2 13 
429 733.586 1.36317 1.35336 0.0090976
Generasi Ke-429
Jarak Total: 737.176
Solusi Optimal: 1
Best member:
12 5 29 24 3 4 7 21 6 26 11 30 16 10 23 9 19 28 25 15 8 17 27 31 1 14 18 20 22 2 13 
430 733.586 1.36317 1.3529 0.00927186
Generasi Ke-430
Jarak Total: 733.586
Solusi Optimal: 1
Best member:
12 5 29 24 3 4 7 21 6 26 11 30 16 23 10 9 19 28 25 15 8 17 27 31 1 14 18 20 22 2 13 
431 732.487 1.36521 1.35336 0.00915399
Generasi Ke-431
Jarak Total: 737.176
Solusi Optimal: 1
Best member:
12 5 29 24 3 4 7 21 6 26 11 30 16 10 23 9 19 2 22 20 18 14 1 31 27 17 8 15 25 28 13 
432 732.487 1.36521 1.35344 0.00943563
Generasi Ke-432
Jarak Total: 746.635
Solusi Optimal: 1
Best member:
5 12 29 24 3 4 7 21 6 26 11 30 16 10 23 9 19 28 25 15 8 17 27 31 1 14 18 20 22 2 13 
433 732.487 1.36521 1.35446 0.0092338
Generasi Ke-433
Jarak Total: 737.176
Solusi Optimal: 1
Best member:
12 5 29 24 3 4 7 21 6 26 11 30 16 10 23 9 19 28 25 15 8 17 27 31 1 14 18 20 22 2 13 
434 732.487 1.36521 1.35482 0.00913318
Generasi Ke-434
Jarak Total: 733.586
Solusi Optimal: 1
Best member:
12 5 29 24 3 4 7 21 6 26 11 30 16 23 10 9 19 28 25 15 8 17 27 31 1 14 18 20 22 2 13 
435 732.487 1.36521 1.35484 0.00882308
Generasi Ke-435
Jarak Total: 746.635
Solusi Optimal: 1
Best member:
5 12 29 24 3 4 7 21 6 26 11 30 16 10 23 9 19 28 25 15 8 17 27 31 1 14 18 20 22 2 13 
436 732.487 1.36521 1.35503 0.00881305
Generasi Ke-436
Jarak Total: 733.586
Solusi Optimal: 1
Best member:
12 5 29 24 3 4 7 21 6 26 11 30 16 23 10 9 19 28 25 15 8 17 27 31 1 14 18 20 22 2 13 
437 732.487 1.36521 1.35558 0.00861946
Generasi Ke-437
Jarak Total: 737.176
Solusi Optimal: 1
Best member:
12 5 29 24 3 4 7 21 6 26 11 30 16 10 23 9 19 28 25 15 8 17 27 31 1 14 18 20 22 2 13 
438 732.487 1.36521 1.35553 0.00862585
Generasi Ke-438
Jarak Total: 733.586
Solusi Optimal: 1
Best member:
12 5 29 24 3 4 7 21 6 26 11 30 16 23 10 9 19 28 25 15 8 17 27 31 1 14 18 20 22 2 13 
439 732.487 1.36521 1.35554 0.0086451
Generasi Ke-439
Jarak Total: 733.586
Solusi Optimal: 1
Best member:
12 5 29 24 3 4 7 21 6 26 11 30 16 23 10 9 19 28 25 15 8 17 27 31 1 14 18 20 22 2 13 
440 732.487 1.36521 1.35564 0.00864221
Generasi Ke-440
Jarak Total: 737.176
Solusi Optimal: 1
Best member:
12 5 29 24 3 4 7 21 6 26 11 30 16 10 23 9 19 28 25 15 8 17 27 31 1 14 18 20 22 2 13 
441 732.487 1.36521 1.35645 0.00816015
Generasi Ke-441
Jarak Total: 736.077
Solusi Optimal: 1
Best member:
12 5 29 24 3 4 7 21 6 26 11 30 16 10 23 9 19 2 22 20 18 14 1 31 17 8 27 15 25 28 13 
442 732.487 1.36521 1.35644 0.00803144
Generasi Ke-442
Jarak Total: 733.586
Solusi Optimal: 1
Best member:
12 5 29 24 3 4 7 21 6 26 11 30 16 23 10 9 19 28 25 15 8 17 27 31 1 14 18 20 22 2 13 
443 732.487 1.36521 1.35637 0.0079769
Generasi Ke-443
Jarak Total: 737.176
Solusi Optimal: 1
Best member:
12 5 29 24 3 4 7 21 6 26 11 30 16 10 23 9 19 28 25 15 8 17 27 31 1 14 18 20 22 2 13 
444 732.487 1.36521 1.35682 0.00752853
Generasi Ke-444
Jarak Total: 737.176
Solusi Optimal: 1
Best member:
12 5 29 24 3 4 7 21 6 26 11 30 16 10 23 9 19 28 25 15 8 17 27 31 1 14 18 20 22 2 13 
445 732.487 1.36521 1.35738 0.00693724
Generasi Ke-445
Jarak Total: 737.176
Solusi Optimal: 1
Best member:
12 5 29 24 3 4 7 21 6 26 11 30 16 10 23 9 19 28 25 15 8 17 27 31 1 14 18 20 22 2 13 
446 732.487 1.36521 1.35749 0.00692086
Generasi Ke-446
Jarak Total: 733.586
Solusi Optimal: 1
Best member:
12 5 29 24 3 4 7 21 6 26 11 30 16 23 10 9 19 28 25 15 8 17 27 31 1 14 18 20 22 2 13 
447 732.487 1.36521 1.35772 0.00708886
Generasi Ke-447
Jarak Total: 743.046
Solusi Optimal: 1
Best member:
5 12 29 24 3 4 7 21 6 26 11 30 16 23 10 9 19 28 25 15 8 17 27 31 1 14 18 20 22 2 13 
448 732.487 1.36521 1.35835 0.00675581
Generasi Ke-448
Jarak Total: 733.586
Solusi Optimal: 1
Best member:
12 5 29 24 3 4 7 21 6 26 11 30 16 23 10 9 19 28 25 15 8 17 27 31 1 14 18 20 22 2 13 
449 732.487 1.36521 1.35851 0.00685162
Generasi Ke-449
Jarak Total: 737.176
Solusi Optimal: 1
Best member:
12 5 29 24 3 4 7 21 6 26 11 30 16 10 23 9 19 28 25 15 8 17 27 31 1 14 18 20 22 2 13 
450 732.487 1.36521 1.35841 0.00684412
Generasi Ke-450
Jarak Total: 737.176
Solusi Optimal: 1
Best member:
12 5 29 24 3 4 7 21 6 26 11 30 16 10 23 9 19 28 25 15 8 17 27 31 1 14 18 20 22 2 13 
451 732.487 1.36521 1.35828 0.00685175
Generasi Ke-451
Jarak Total: 743.046
Solusi Optimal: 1
Best member:
5 12 29 24 3 4 7 21 6 26 11 30 16 23 10 9 19 28 25 15 8 17 27 31 1 14 18 20 22 2 13 
452 732.487 1.36521 1.35808 0.00691347
Generasi Ke-452
Jarak Total: 737.176
Solusi Optimal: 1
Best member:
12 5 29 24 3 4 7 21 6 26 11 30 16 10 23 9 19 28 25 15 8 17 27 31 1 14 18 20 22 2 13 
453 732.487 1.36521 1.35865 0.00672086
Generasi Ke-453
Jarak Total: 733.586
Solusi Optimal: 1
Best member:
12 5 29 24 3 4 7 21 6 26 11 30 16 23 10 9 19 28 25 15 8 17 27 31 1 14 18 20 22 2 13 
454 732.487 1.36521 1.35862 0.00688192
Generasi Ke-454
Jarak Total: 737.176
Solusi Optimal: 1
Best member:
12 5 29 24 3 4 7 21 6 26 11 30 16 10 23 9 19 2 22 20 18 14 1 31 27 17 8 15 25 28 13 
455 732.487 1.36521 1.35894 0.00656835
Generasi Ke-455
Jarak Total: 743.046
Solusi Optimal: 1
Best member:
5 12 29 24 3 4 7 21 6 26 11 30 16 23 10 9 19 28 25 15 8 17 27 31 1 14 18 20 22 2 13 
456 732.487 1.36521 1.35898 0.00648183
Generasi Ke-456
Jarak Total: 733.586
Solusi Optimal: 1
Best member:
12 5 29 24 3 4 7 21 6 26 11 30 16 23 10 9 19 28 25 15 8 17 27 31 1 14 18 20 22 2 13 
457 732.487 1.36521 1.35916 0.00639712
Generasi Ke-457
Jarak Total: 733.586
Solusi Optimal: 1
Best member:
12 5 29 24 3 4 7 21 6 26 11 30 16 23 10 9 19 28 25 15 8 17 27 31 1 14 18 20 22 2 13 
458 732.487 1.36521 1.35914 0.00649571
Generasi Ke-458
Jarak Total: 736.077
Solusi Optimal: 1
Best member:
12 5 29 24 3 4 7 21 6 26 11 30 16 10 23 9 19 2 22 20 18 14 1 31 17 8 27 15 25 28 13 
459 732.487 1.36521 1.35904 0.0067259
Generasi Ke-459
Jarak Total: 733.586
Solusi Optimal: 1
Best member:
12 5 29 24 3 4 7 21 6 26 11 30 16 23 10 9 19 28 25 15 8 17 27 31 1 14 18 20 22 2 13 
460 732.487 1.36521 1.35934 0.00658813
Generasi Ke-460
Jarak Total: 733.586
Solusi Optimal: 1
Best member:
12 5 29 24 3 4 7 21 6 26 11 30 16 23 10 9 19 28 25 15 8 17 27 31 1 14 18 20 22 2 13 
461 732.487 1.36521 1.35968 0.00634762
Generasi Ke-461
Jarak Total: 733.586
Solusi Optimal: 1
Best member:
12 5 29 24 3 4 7 21 6 26 11 30 16 23 10 9 19 28 25 15 8 17 27 31 1 14 18 20 22 2 13 
462 732.487 1.36521 1.36001 0.00578335
Generasi Ke-462
Jarak Total: 737.176
Solusi Optimal: 1
Best member:
12 5 29 24 3 4 7 21 6 26 11 30 16 10 23 9 19 28 25 15 8 17 27 31 1 14 18 20 22 2 13 
463 732.487 1.36521 1.35974 0.00620105
Generasi Ke-463
Jarak Total: 733.586
Solusi Optimal: 1
Best member:
12 5 29 24 3 4 7 21 6 26 11 30 16 23 10 9 19 28 25 15 8 17 27 31 1 14 18 20 22 2 13 
464 732.487 1.36521 1.35979 0.00615205
Generasi Ke-464
Jarak Total: 733.586
Solusi Optimal: 1
Best member:
12 5 29 24 3 4 7 21 6 26 11 30 16 23 10 9 19 28 25 15 8 17 27 31 1 14 18 20 22 2 13 
465 732.487 1.36521 1.35982 0.00618639
Generasi Ke-465
Jarak Total: 737.176
Solusi Optimal: 1
Best member:
12 5 29 24 3 4 7 21 6 26 11 30 16 10 23 9 19 28 25 15 8 17 27 31 1 14 18 20 22 2 13 
466 732.487 1.36521 1.36024 0.00569737
Generasi Ke-466
Jarak Total: 733.586
Solusi Optimal: 1
Best member:
12 5 29 24 3 4 7 21 6 26 11 30 16 23 10 9 19 28 25 15 8 17 27 31 1 14 18 20 22 2 13 
467 732.487 1.36521 1.36035 0.00558142
Generasi Ke-467
Jarak Total: 736.077
Solusi Optimal: 1
Best member:
12 5 29 24 3 4 7 21 6 26 11 30 16 10 23 9 19 2 22 20 18 14 1 31 17 8 27 15 25 28 13 
468 732.487 1.36521 1.35976 0.00620546
Generasi Ke-468
Jarak Total: 733.586
Solusi Optimal: 1
Best member:
12 5 29 24 3 4 7 21 6 26 11 30 16 23 10 9 19 28 25 15 8 17 27 31 1 14 18 20 22 2 13 
469 732.487 1.36521 1.36026 0.00552369
Generasi Ke-469
Jarak Total: 733.586
Solusi Optimal: 1
Best member:
12 5 29 24 3 4 7 21 6 26 11 30 16 23 10 9 19 28 25 15 8 17 27 31 1 14 18 20 22 2 13 
470 732.487 1.36521 1.36067 0.00494688
Generasi Ke-470
Jarak Total: 733.586
Solusi Optimal: 1
Best member:
12 5 29 24 3 4 7 21 6 26 11 30 16 23 10 9 19 28 25 15 8 17 27 31 1 14 18 20 22 2 13 
471 732.487 1.36521 1.36048 0.00530748
Generasi Ke-471
Jarak Total: 733.586
Solusi Optimal: 1
Best member:
12 5 29 24 3 4 7 21 6 26 11 30 16 23 10 9 19 28 25 15 8 17 27 31 1 14 18 20 22 2 13 
472 732.487 1.36521 1.36101 0.00465099
Generasi Ke-472
Jarak Total: 733.586
Solusi Optimal: 1
Best member:
12 5 29 24 3 4 7 21 6 26 11 30 16 23 10 9 19 28 25 15 8 17 27 31 1 14 18 20 22 2 13 
473 732.487 1.36521 1.36135 0.00425924
Generasi Ke-473
Jarak Total: 736.077
Solusi Optimal: 1
Best member:
12 5 29 24 3 4 7 21 6 26 11 30 16 10 23 9 19 2 22 20 18 14 1 31 17 8 27 15 25 28 13 
474 732.487 1.36521 1.36123 0.00440254
Generasi Ke-474
Jarak Total: 733.586
Solusi Optimal: 1
Best member:
12 5 29 24 3 4 7 21 6 26 11 30 16 23 10 9 19 28 25 15 8 17 27 31 1 14 18 20 22 2 13 
475 732.487 1.36521 1.36118 0.00476992
Generasi Ke-475
Jarak Total: 733.586
Solusi Optimal: 1
Best member:
12 5 29 24 3 4 7 21 6 26 11 30 16 23 10 9 19 28 25 15 8 17 27 31 1 14 18 20 22 2 13 
476 732.487 1.36521 1.36116 0.00488422
Generasi Ke-476
Jarak Total: 733.586
Solusi Optimal: 1
Best member:
12 5 29 24 3 4 7 21 6 26 11 30 16 23 10 9 19 28 25 15 8 17 27 31 1 14 18 20 22 2 13 
477 732.487 1.36521 1.36138 0.00468801
Generasi Ke-477
Jarak Total: 733.586
Solusi Optimal: 1
Best member:
12 5 29 24 3 4 7 21 6 26 11 30 16 23 10 9 19 28 25 15 8 17 27 31 1 14 18 20 22 2 13 
478 732.487 1.36521 1.36124 0.00488679
Generasi Ke-478
Jarak Total: 733.586
Solusi Optimal: 1
Best member:
12 5 29 24 3 4 7 21 6 26 11 30 16 23 10 9 19 28 25 15 8 17 27 31 1 14 18 20 22 2 13 
479 732.487 1.36521 1.36149 0.00441929
Generasi Ke-479
Jarak Total: 733.586
Solusi Optimal: 1
Best member:
12 5 29 24 3 4 7 21 6 26 11 30 16 23 10 9 19 28 25 15 8 17 27 31 1 14 18 20 22 2 13 
480 732.487 1.36521 1.36159 0.00422206
Generasi Ke-480
Jarak Total: 733.586
Solusi Optimal: 1
Best member:
12 5 29 24 3 4 7 21 6 26 11 30 16 23 10 9 19 28 25 15 8 17 27 31 1 14 18 20 22 2 13 
481 732.487 1.36521 1.36184 0.00359004
Generasi Ke-481
Jarak Total: 733.586
Solusi Optimal: 1
Best member:
12 5 29 24 3 4 7 21 6 26 11 30 16 23 10 9 19 28 25 15 8 17 27 31 1 14 18 20 22 2 13 
482 732.487 1.36521 1.36207 0.00318929
Generasi Ke-482
Jarak Total: 733.586
Solusi Optimal: 1
Best member:
12 5 29 24 3 4 7 21 6 26 11 30 16 23 10 9 19 28 25 15 8 17 27 31 1 14 18 20 22 2 13 
483 732.487 1.36521 1.36217 0.00321003
Generasi Ke-483
Jarak Total: 733.586
Solusi Optimal: 1
Best member:
12 5 29 24 3 4 7 21 6 26 11 30 16 23 10 9 19 28 25 15 8 17 27 31 1 14 18 20 22 2 13 
484 732.487 1.36521 1.36239 0.00274506
Generasi Ke-484
Jarak Total: 737.176
Solusi Optimal: 1
Best member:
12 5 29 24 3 4 7 21 6 26 11 30 16 10 23 9 19 28 25 15 8 17 27 31 1 14 18 20 22 2 13 
485 732.487 1.36521 1.36237 0.00279164
Generasi Ke-485
Jarak Total: 733.586
Solusi Optimal: 1
Best member:
12 5 29 24 3 4 7 21 6 26 11 30 16 23 10 9 19 28 25 15 8 17 27 31 1 14 18 20 22 2 13 
486 732.487 1.36521 1.36265 0.00218259
Generasi Ke-486
Jarak Total: 733.586
Solusi Optimal: 1
Best member:
12 5 29 24 3 4 7 21 6 26 11 30 16 23 10 9 19 28 25 15 8 17 27 31 1 14 18 20 22 2 13 
487 732.487 1.36521 1.36255 0.00240904
Generasi Ke-487
Jarak Total: 733.586
Solusi Optimal: 1
Best member:
12 5 29 24 3 4 7 21 6 26 11 30 16 23 10 9 19 28 25 15 8 17 27 31 1 14 18 20 22 2 13 
488 732.487 1.36521 1.36269 0.00204662
Generasi Ke-488
Jarak Total: 733.586
Solusi Optimal: 1
Best member:
12 5 29 24 3 4 7 21 6 26 11 30 16 23 10 9 19 28 25 15 8 17 27 31 1 14 18 20 22 2 13 
489 732.487 1.36521 1.36283 0.00163449
Generasi Ke-489
Jarak Total: 733.586
Solusi Optimal: 1
Best member:
12 5 29 24 3 4 7 21 6 26 11 30 16 23 10 9 19 28 25 15 8 17 27 31 1 14 18 20 22 2 13 
490 732.487 1.36521 1.363 0.00121916
Generasi Ke-490
Jarak Total: 733.586
Solusi Optimal: 1
Best member:
12 5 29 24 3 4 7 21 6 26 11 30 16 23 10 9 19 28 25 15 8 17 27 31 1 14 18 20 22 2 13 
491 732.487 1.36521 1.36306 0.00101714
Generasi Ke-491
Jarak Total: 733.586
Solusi Optimal: 1
Best member:
12 5 29 24 3 4 7 21 6 26 11 30 16 23 10 9 19 28 25 15 8 17 27 31 1 14 18 20 22 2 13 
492 732.487 1.36521 1.36302 0.00118821
Generasi Ke-492
Jarak Total: 733.586
Solusi Optimal: 1
Best member:
12 5 29 24 3 4 7 21 6 26 11 30 16 23 10 9 19 28 25 15 8 17 27 31 1 14 18 20 22 2 13 
493 732.487 1.36521 1.36312 0.000846546
Generasi Ke-493
Jarak Total: 733.586
Solusi Optimal: 1
Best member:
12 5 29 24 3 4 7 21 6 26 11 30 16 23 10 9 19 28 25 15 8 17 27 31 1 14 18 20 22 2 13 
494 732.487 1.36521 1.36317 0.000685915
Generasi Ke-494
Jarak Total: 733.586
Solusi Optimal: 1
Best member:
12 5 29 24 3 4 7 21 6 26 11 30 16 23 10 9 19 28 25 15 8 17 27 31 1 14 18 20 22 2 13 
495 732.487 1.36521 1.36314 0.000730181
Generasi Ke-495
Jarak Total: 733.586
Solusi Optimal: 1
Best member:
12 5 29 24 3 4 7 21 6 26 11 30 16 23 10 9 19 28 25 15 8 17 27 31 1 14 18 20 22 2 13 
496 732.487 1.36521 1.36311 0.000830817
Generasi Ke-496
Jarak Total: 733.586
Solusi Optimal: 1
Best member:
12 5 29 24 3 4 7 21 6 26 11 30 16 23 10 9 19 28 25 15 8 17 27 31 1 14 18 20 22 2 13 
497 732.487 1.36521 1.36313 0.00062767
Generasi Ke-497
Jarak Total: 733.586
Solusi Optimal: 1
Best member:
12 5 29 24 3 4 7 21 6 26 11 30 16 23 10 9 19 28 25 15 8 17 27 31 1 14 18 20 22 2 13 
498 732.487 1.36521 1.36318 0.000372099
Generasi Ke-498
Jarak Total: 733.586
Solusi Optimal: 1
Best member:
12 5 29 24 3 4 7 21 6 26 11 30 16 23 10 9 19 28 25 15 8 17 27 31 1 14 18 20 22 2 13 
499 732.487 1.36521 1.36319 0.000413953
Generasi Ke-499
Jarak Total: 733.586
Solusi Optimal: 1
Best member:
12 5 29 24 3 4 7 21 6 26 11 30 16 23 10 9 19 28 25 15 8 17 27 31 1 14 18 20 22 2 13 
500 732.487 1.36521 1.36321 0.000442357
Generasi Ke-500
Jarak Total: 732.487
Solusi Optimal: 1
Best member:
12 5 29 24 3 4 7 21 6 26 11 30 16 23 10 9 19 2 22 20 18 14 1 31 17 8 27 15 25 28 13 
SELESAI!!!
Jarak Total: 732.487
Solusi Optimal: 1
Best member:
12 5 29 24 3 4 7 21 6 26 11 30 16 23 10 9 19 2 22 20 18 14 1 31 17 8 27 15 25 28 13 
