1 992.582 1.00747 0.818004 0.0425772
Generasi Ke-1
Jarak Total: 1335.77
Solusi Optimal: 1
Best member:
1 27 15 7 4 24 29 9 19 30 25 28 23 17 8 14 22 2 31 6 26 11 16 10 12 21 13 20 18 3 5 
2 992.582 1.00747 0.822059 0.0442593
Generasi Ke-2
Jarak Total: 1106.94
Solusi Optimal: 1
Best member:
1 25 7 4 29 5 12 9 19 15 31 13 17 8 27 28 21 24 10 23 16 11 26 30 6 14 18 20 22 2 3 
3 992.582 1.00747 0.828856 0.0456128
Generasi Ke-3
Jarak Total: 1177.69
Solusi Optimal: 1
Best member:
6 15 27 17 8 2 13 31 1 25 30 16 11 26 28 21 23 19 9 5 29 24 3 4 7 10 14 18 20 22 12 
4 991.96 1.00811 0.831541 0.048031
Generasi Ke-4
Jarak Total: 1182.48
Solusi Optimal: 1
Best member:
1 28 30 19 25 15 27 8 17 31 21 6 26 11 16 10 23 9 14 4 20 22 2 13 12 5 29 24 3 7 18 
5 991.96 1.00811 0.835233 0.0489903
Generasi Ke-5
Jarak Total: 1158.03
Solusi Optimal: 1
Best member:
1 31 17 22 18 14 8 27 15 28 21 6 26 11 30 23 19 25 10 9 12 5 29 24 4 7 13 2 20 3 16 
6 991.96 1.00811 0.841419 0.0505979
Generasi Ke-6
Jarak Total: 1212.62
Solusi Optimal: 1
Best member:
1 27 15 7 4 24 29 9 19 30 25 28 31 17 8 22 2 13 14 3 5 12 10 23 21 20 18 16 11 6 26 
7 991.96 1.00811 0.8441 0.053303
Generasi Ke-7
Jarak Total: 1219.74
Solusi Optimal: 1
Best member:
1 28 30 19 25 15 27 8 17 31 13 2 22 20 4 14 21 26 11 16 10 23 9 6 3 24 5 12 29 7 18 
8 976.086 1.0245 0.847161 0.0536457
Generasi Ke-8
Jarak Total: 1161.01
Solusi Optimal: 1
Best member:
1 31 13 2 8 17 27 15 6 25 30 16 11 26 28 7 4 3 24 29 19 9 10 23 21 14 20 18 5 12 22 
9 976.086 1.0245 0.848875 0.0509074
Generasi Ke-9
Jarak Total: 1182.48
Solusi Optimal: 1
Best member:
1 28 30 19 25 15 27 8 17 31 21 6 26 11 16 10 23 9 14 4 20 22 2 13 12 5 29 24 3 7 18 
10 976.086 1.0245 0.852822 0.0514458
Generasi Ke-10
Jarak Total: 1144.53
Solusi Optimal: 1
Best member:
1 6 15 31 27 17 8 2 13 28 29 5 12 9 19 25 21 26 11 16 10 23 30 7 14 20 18 4 3 24 22 
11 976.086 1.0245 0.857109 0.0507344
Generasi Ke-11
Jarak Total: 1201.11
Solusi Optimal: 1
Best member:
1 31 13 2 8 17 27 15 6 25 28 30 19 9 23 11 26 21 7 24 4 14 18 20 22 16 10 12 5 29 3 
12 960.187 1.04146 0.862024 0.0552066
Generasi Ke-12
Jarak Total: 1158.03
Solusi Optimal: 1
Best member:
1 31 17 22 18 14 8 27 15 25 19 23 30 11 26 6 21 28 10 9 12 5 29 24 4 7 13 2 20 3 16 
13 960.187 1.04146 0.864805 0.0585748
Generasi Ke-13
Jarak Total: 1243.18
Solusi Optimal: 1
Best member:
1 6 15 27 17 8 2 13 31 7 3 4 24 9 19 30 25 28 29 5 12 10 23 16 21 22 20 14 11 26 18 
14 960.187 1.04146 0.868064 0.0615056
Generasi Ke-14
Jarak Total: 1201.11
Solusi Optimal: 1
Best member:
1 31 13 2 8 17 27 15 6 25 28 30 19 9 23 11 26 21 7 24 4 14 18 20 22 16 10 12 5 29 3 
15 957.776 1.04409 0.87594 0.0657458
Generasi Ke-15
Jarak Total: 1219.01
Solusi Optimal: 1
Best member:
1 31 15 25 28 6 26 21 19 9 12 5 29 24 4 7 8 27 17 13 2 14 3 30 22 20 18 10 23 16 11 
16 957.776 1.04409 0.881993 0.063889
Generasi Ke-16
Jarak Total: 1158.03
Solusi Optimal: 1
Best member:
1 31 17 22 18 14 8 27 15 28 21 6 26 11 30 23 19 25 10 9 12 5 29 24 4 7 13 2 20 3 16 
17 948.907 1.05384 0.884852 0.0658266
Generasi Ke-17
Jarak Total: 1095.32
Solusi Optimal: 1
Best member:
23 10 16 11 26 6 13 2 27 15 28 25 19 30 21 17 22 20 14 8 31 1 9 7 29 12 5 24 3 4 18 
18 948.907 1.05384 0.891834 0.0696791
Generasi Ke-18
Jarak Total: 1106.94
Solusi Optimal: 1
Best member:
1 25 7 4 29 5 12 9 19 15 31 13 17 8 27 28 21 24 10 23 16 11 26 30 6 14 18 20 22 2 3 
19 948.907 1.05384 0.901954 0.0702108
Generasi Ke-19
Jarak Total: 1106.94
Solusi Optimal: 1
Best member:
1 25 7 4 29 5 12 9 19 15 31 13 17 8 27 28 21 24 10 23 16 11 26 30 6 14 18 20 22 2 3 
20 948.907 1.05384 0.908661 0.0679843
Generasi Ke-20
Jarak Total: 1037.16
Solusi Optimal: 1
Best member:
5 12 9 10 13 2 17 20 14 29 19 23 30 6 21 31 27 8 3 4 24 7 15 1 25 16 11 26 28 22 18 
21 948.907 1.05384 0.913079 0.0693277
Generasi Ke-21
Jarak Total: 1058.22
Solusi Optimal: 1
Best member:
9 23 10 16 11 26 6 21 17 31 8 27 15 25 19 30 28 7 3 4 20 22 2 13 12 5 29 24 14 1 18 
22 948.907 1.05384 0.919774 0.0706633
Generasi Ke-22
Jarak Total: 997.477
Solusi Optimal: 1
Best member:
19 9 12 5 29 4 7 25 1 28 27 8 17 13 31 15 21 24 10 23 16 11 26 30 6 14 18 20 22 2 3 
23 948.907 1.05384 0.924861 0.0708834
Generasi Ke-23
Jarak Total: 1212.62
Solusi Optimal: 1
Best member:
1 27 15 7 4 24 29 9 19 30 25 28 31 17 8 22 2 13 14 3 5 12 10 23 21 20 18 16 11 6 26 
24 945.811 1.05729 0.931342 0.0720388
Generasi Ke-24
Jarak Total: 957.776
Solusi Optimal: 1
Best member:
19 9 12 5 29 4 7 25 15 1 31 13 2 8 27 28 21 24 10 23 16 11 26 30 6 14 18 20 22 17 3 
25 945.811 1.05729 0.940084 0.0709442
Generasi Ke-25
Jarak Total: 1058.22
Solusi Optimal: 1
Best member:
9 23 10 16 11 26 6 21 17 31 8 27 15 25 19 30 28 7 3 4 20 22 2 13 12 5 29 24 14 1 18 
26 945.811 1.05729 0.948656 0.0669506
Generasi Ke-26
Jarak Total: 976.086
Solusi Optimal: 1
Best member:
10 9 12 5 29 24 4 7 15 28 21 6 26 11 30 23 19 25 1 31 17 22 18 14 8 27 13 2 20 3 16 
27 945.811 1.05729 0.953531 0.0674966
Generasi Ke-27
Jarak Total: 1128.07
Solusi Optimal: 1
Best member:
1 13 22 18 3 4 24 30 15 28 29 5 12 9 19 25 31 17 2 8 14 7 27 21 23 10 16 11 26 6 20 
28 945.811 1.05729 0.962194 0.0658463
Generasi Ke-28
Jarak Total: 995.306
Solusi Optimal: 1
Best member:
12 5 29 24 3 4 21 26 11 16 23 19 30 6 28 13 2 18 7 15 25 27 17 22 20 14 8 31 1 9 10 
29 945.811 1.05729 0.967767 0.063058
Generasi Ke-29
Jarak Total: 976.086
Solusi Optimal: 1
Best member:
10 9 12 5 29 24 4 7 15 28 21 6 26 11 30 23 19 25 1 31 17 22 18 14 8 27 13 2 20 3 16 
30 945.811 1.05729 0.967064 0.0627519
Generasi Ke-30
Jarak Total: 1007.78
Solusi Optimal: 1
Best member:
23 10 9 29 24 3 4 7 31 17 8 22 2 13 27 15 25 28 19 30 11 26 6 21 1 12 5 18 20 14 16 
31 945.811 1.05729 0.973838 0.0594546
Generasi Ke-31
Jarak Total: 992.582
Solusi Optimal: 1
Best member:
5 12 10 16 11 21 17 8 14 29 23 6 28 31 27 7 4 3 24 9 19 30 15 25 1 22 18 20 2 13 26 
32 945.811 1.05729 0.981081 0.0546034
Generasi Ke-32
Jarak Total: 1009.44
Solusi Optimal: 1
Best member:
19 9 12 5 29 4 7 25 1 15 31 13 17 8 27 28 21 24 10 23 16 11 26 30 6 14 18 20 22 2 3 
33 941.217 1.06245 0.983219 0.0539367
Generasi Ke-33
Jarak Total: 945.811
Solusi Optimal: 1
Best member:
19 9 12 5 29 4 24 25 15 1 31 13 2 8 27 28 21 7 10 23 16 11 26 30 6 14 18 20 22 17 3 
34 941.217 1.06245 0.982978 0.0534969
Generasi Ke-34
Jarak Total: 1123.09
Solusi Optimal: 1
Best member:
5 4 14 18 22 20 16 10 12 24 7 31 13 2 8 17 27 15 6 25 28 30 19 9 23 11 26 21 1 29 3 
35 941.217 1.06245 0.985702 0.050063
Generasi Ke-35
Jarak Total: 995.306
Solusi Optimal: 1
Best member:
12 5 29 24 3 4 21 26 11 16 23 19 30 6 28 13 2 18 7 15 25 27 17 22 20 14 8 31 1 9 10 
36 941.217 1.06245 0.989806 0.0458372
Generasi Ke-36
Jarak Total: 976.086
Solusi Optimal: 1
Best member:
10 9 12 5 29 24 4 7 15 28 21 6 26 11 30 23 19 25 1 31 17 22 18 14 8 27 13 2 20 3 16 
37 941.217 1.06245 0.990171 0.0460139
Generasi Ke-37
Jarak Total: 992.582
Solusi Optimal: 1
Best member:
5 12 10 16 11 21 17 8 14 29 23 6 28 31 27 7 4 3 24 9 19 30 15 25 1 22 18 20 2 13 26 
38 941.217 1.06245 0.990139 0.0457739
Generasi Ke-38
Jarak Total: 960.187
Solusi Optimal: 1
Best member:
19 9 12 5 29 4 7 25 15 1 31 13 17 8 27 28 21 24 10 23 16 11 26 30 6 14 18 20 22 2 3 
39 936.942 1.0673 0.992612 0.0421577
Generasi Ke-39
Jarak Total: 990.97
Solusi Optimal: 1
Best member:
19 9 12 5 29 4 24 27 1 25 31 13 17 8 15 28 21 7 10 23 16 11 26 30 6 14 18 20 22 2 3 
40 936.942 1.0673 0.994241 0.0387061
Generasi Ke-40
Jarak Total: 1007.78
Solusi Optimal: 1
Best member:
23 10 9 29 24 3 4 7 31 17 8 22 2 13 27 15 25 28 19 30 11 26 6 21 1 12 5 18 20 14 16 
41 936.942 1.0673 0.996721 0.0363516
Generasi Ke-41
Jarak Total: 990.97
Solusi Optimal: 1
Best member:
19 9 12 5 29 4 24 27 1 25 31 13 17 8 15 28 21 7 10 23 16 11 26 30 6 14 18 20 22 2 3 
42 936.942 1.0673 0.995504 0.0379164
Generasi Ke-42
Jarak Total: 1007.78
Solusi Optimal: 1
Best member:
23 10 9 29 24 3 4 7 31 17 8 22 2 13 27 15 25 28 19 30 11 26 6 21 1 12 5 18 20 14 16 
43 936.942 1.0673 0.998901 0.0346856
Generasi Ke-43
Jarak Total: 990.97
Solusi Optimal: 1
Best member:
19 9 12 5 29 4 24 27 1 25 31 13 17 8 15 28 21 7 10 23 16 11 26 30 6 14 18 20 22 2 3 
44 936.942 1.0673 1.00058 0.0332202
Generasi Ke-44
Jarak Total: 976.086
Solusi Optimal: 1
Best member:
10 9 12 5 29 24 4 7 15 28 21 6 26 11 30 23 19 25 1 31 17 22 18 14 8 27 13 2 20 3 16 
45 936.942 1.0673 1.00323 0.0303346
Generasi Ke-45
Jarak Total: 960.187
Solusi Optimal: 1
Best member:
19 9 12 5 29 4 7 25 15 1 31 13 17 8 27 28 21 24 10 23 16 11 26 30 6 14 18 20 22 2 3 
46 936.942 1.0673 1.00526 0.0301099
Generasi Ke-46
Jarak Total: 999.443
Solusi Optimal: 1
Best member:
23 10 9 29 24 3 4 7 27 17 8 22 2 13 31 15 25 28 19 30 11 26 6 21 1 12 5 18 20 14 16 
47 936.942 1.0673 1.00462 0.0314186
Generasi Ke-47
Jarak Total: 1103.43
Solusi Optimal: 1
Best member:
27 13 22 18 4 3 24 30 15 28 29 5 12 9 19 25 31 17 2 8 14 7 1 21 23 10 16 11 26 6 20 
48 936.942 1.0673 1.00422 0.0324508
Generasi Ke-48
Jarak Total: 1007.78
Solusi Optimal: 1
Best member:
23 10 9 29 24 3 4 7 31 17 8 22 2 13 27 15 25 28 19 30 11 26 6 21 1 12 5 18 20 14 16 
49 936.942 1.0673 1.00831 0.029399
Generasi Ke-49
Jarak Total: 1064.9
Solusi Optimal: 1
Best member:
29 5 12 10 16 6 25 28 30 1 19 9 23 11 26 21 7 24 4 18 22 20 14 15 27 17 8 2 13 31 3 
50 936.942 1.0673 1.0107 0.0249651
Generasi Ke-50
Jarak Total: 960.187
Solusi Optimal: 1
Best member:
19 9 12 5 29 4 7 25 15 1 31 13 17 8 27 28 21 24 10 23 16 11 26 30 6 14 18 20 22 2 3 
51 936.942 1.0673 1.01187 0.0233896
Generasi Ke-51
Jarak Total: 997.479
Solusi Optimal: 1
Best member:
19 9 12 5 29 4 24 25 1 15 31 13 17 8 27 28 21 7 10 23 16 11 26 30 6 14 18 20 22 2 3 
52 936.942 1.0673 1.01401 0.0219567
Generasi Ke-52
Jarak Total: 976.046
Solusi Optimal: 1
Best member:
10 9 12 5 29 24 4 7 1 31 17 22 18 14 8 27 13 2 20 3 15 25 19 23 30 11 26 6 21 28 16 
53 926.987 1.07876 1.01421 0.0179979
Generasi Ke-53
Jarak Total: 997.479
Solusi Optimal: 1
Best member:
19 9 12 5 29 4 24 25 1 15 31 13 17 8 27 28 21 7 10 23 16 11 26 30 6 14 18 20 22 2 3 
54 926.987 1.07876 1.015 0.0187046
Generasi Ke-54
Jarak Total: 974.004
Solusi Optimal: 1
Best member:
10 9 12 5 29 24 4 7 15 28 21 6 26 11 30 23 19 25 1 31 17 14 8 27 13 2 20 22 18 3 16 
55 926.987 1.07876 1.01675 0.0194146
Generasi Ke-55
Jarak Total: 992.582
Solusi Optimal: 1
Best member:
5 12 10 16 11 21 17 8 14 29 23 6 28 31 27 7 4 3 24 9 19 30 15 25 1 22 18 20 2 13 26 
56 926.987 1.07876 1.01917 0.0192385
Generasi Ke-56
Jarak Total: 976.086
Solusi Optimal: 1
Best member:
10 9 12 5 29 24 4 7 15 28 21 6 26 11 30 23 19 25 1 31 17 22 18 14 8 27 13 2 20 3 16 
57 926.987 1.07876 1.02007 0.0200348
Generasi Ke-57
Jarak Total: 941.217
Solusi Optimal: 1
Best member:
19 9 12 5 29 4 24 15 25 1 31 13 2 8 27 28 21 7 10 23 16 11 26 30 6 14 18 20 22 17 3 
58 926.987 1.07876 1.02084 0.0193453
Generasi Ke-58
Jarak Total: 990.244
Solusi Optimal: 1
Best member:
5 12 10 16 11 21 17 8 14 29 23 6 28 31 27 7 4 3 24 9 19 30 15 25 1 18 20 22 2 13 26 
59 926.987 1.07876 1.02037 0.019229
Generasi Ke-59
Jarak Total: 1007.78
Solusi Optimal: 1
Best member:
23 10 9 29 24 3 4 7 31 17 8 22 2 13 27 15 25 28 19 30 11 26 6 21 1 12 5 18 20 14 16 
60 926.987 1.07876 1.02157 0.019698
Generasi Ke-60
Jarak Total: 992.582
Solusi Optimal: 1
Best member:
5 12 10 16 11 21 17 8 14 29 23 6 28 31 27 7 4 3 24 9 19 30 15 25 1 22 18 20 2 13 26 
61 924.064 1.08218 1.02118 0.0194093
Generasi Ke-61
Jarak Total: 966.529
Solusi Optimal: 1
Best member:
12 9 19 5 29 4 7 25 28 15 31 13 17 8 27 1 21 24 10 23 16 11 26 30 6 14 18 20 22 2 3 
62 924.064 1.08218 1.02175 0.0187215
Generasi Ke-62
Jarak Total: 1007.78
Solusi Optimal: 1
Best member:
23 10 9 29 24 3 4 7 31 17 8 22 2 13 27 15 25 28 19 30 11 26 6 21 1 12 5 18 20 14 16 
63 924.064 1.08218 1.02341 0.0184033
Generasi Ke-63
Jarak Total: 987.886
Solusi Optimal: 1
Best member:
5 12 24 3 4 7 27 31 28 6 23 29 14 8 17 21 11 16 10 9 19 30 15 25 1 22 18 20 2 13 26 
64 924.064 1.08218 1.02556 0.0188201
Generasi Ke-64
Jarak Total: 945.811
Solusi Optimal: 1
Best member:
19 9 12 5 29 4 24 25 15 1 31 13 2 8 27 28 21 7 10 23 16 11 26 30 6 14 18 20 22 17 3 
65 924.064 1.08218 1.02697 0.0189585
Generasi Ke-65
Jarak Total: 976.086
Solusi Optimal: 1
Best member:
10 9 12 5 29 24 4 7 15 28 21 6 26 11 30 23 19 25 1 31 17 22 18 14 8 27 13 2 20 3 16 
66 924.064 1.08218 1.02759 0.0190775
Generasi Ke-66
Jarak Total: 999.443
Solusi Optimal: 1
Best member:
23 10 9 29 24 3 4 7 27 17 8 22 2 13 31 15 25 28 19 30 11 26 6 21 1 12 5 18 20 14 16 
67 924.064 1.08218 1.02915 0.0184208
Generasi Ke-67
Jarak Total: 999.443
Solusi Optimal: 1
Best member:
23 10 9 29 24 3 4 7 27 17 8 22 2 13 31 15 25 28 19 30 11 26 6 21 1 12 5 18 20 14 16 
68 924.064 1.08218 1.03047 0.0189785
Generasi Ke-68
Jarak Total: 960.226
Solusi Optimal: 1
Best member:
19 9 12 5 29 24 7 25 1 21 28 27 17 8 13 31 15 4 10 23 16 11 26 30 6 14 18 20 22 2 3 
69 924.064 1.08218 1.02933 0.018284
Generasi Ke-69
Jarak Total: 960.187
Solusi Optimal: 1
Best member:
19 9 12 5 29 4 7 25 15 1 31 13 17 8 27 28 21 24 10 23 16 11 26 30 6 14 18 20 22 2 3 
70 924.064 1.08218 1.03091 0.0185217
Generasi Ke-70
Jarak Total: 966.785
Solusi Optimal: 1
Best member:
5 12 29 19 6 28 27 31 7 4 3 24 14 8 17 21 11 16 10 9 23 30 15 25 1 22 18 20 2 13 26 
71 924.064 1.08218 1.03152 0.0190544
Generasi Ke-71
Jarak Total: 999.443
Solusi Optimal: 1
Best member:
23 10 9 29 24 3 4 7 27 17 8 22 2 13 31 21 6 26 11 30 19 28 25 15 1 12 5 18 20 14 16 
72 924.064 1.08218 1.03316 0.0190739
Generasi Ke-72
Jarak Total: 947.807
Solusi Optimal: 1
Best member:
10 9 12 5 29 24 4 7 15 28 21 6 26 11 30 23 19 25 1 31 27 13 2 14 8 17 22 18 20 3 16 
73 924.064 1.08218 1.03327 0.0196828
Generasi Ke-73
Jarak Total: 973.469
Solusi Optimal: 1
Best member:
12 9 10 5 29 24 4 7 1 31 17 22 18 14 8 27 13 2 20 3 15 25 19 23 30 11 26 6 21 28 16 
74 924.064 1.08218 1.03288 0.019767
Generasi Ke-74
Jarak Total: 936.942
Solusi Optimal: 1
Best member:
12 9 19 5 29 4 24 25 15 1 31 13 2 8 27 28 21 7 10 23 16 11 26 30 6 14 18 20 22 17 3 
75 923.852 1.08242 1.03387 0.0198357
Generasi Ke-75
Jarak Total: 947.807
Solusi Optimal: 1
Best member:
10 9 12 5 29 24 4 7 15 28 21 6 26 11 30 23 19 25 1 31 27 13 2 14 8 17 22 18 20 3 16 
76 923.852 1.08242 1.03397 0.0201177
Generasi Ke-76
Jarak Total: 976.086
Solusi Optimal: 1
Best member:
10 9 12 5 29 24 4 7 15 28 21 6 26 11 30 23 19 25 1 31 17 22 18 14 8 27 13 2 20 3 16 
77 923.852 1.08242 1.036 0.0210794
Generasi Ke-77
Jarak Total: 976.086
Solusi Optimal: 1
Best member:
10 9 12 5 29 24 4 7 15 28 21 6 26 11 30 23 19 25 1 31 17 22 18 14 8 27 13 2 20 3 16 
78 923.852 1.08242 1.03706 0.0204644
Generasi Ke-78
Jarak Total: 976.086
Solusi Optimal: 1
Best member:
10 9 12 5 29 24 4 7 15 28 21 6 26 11 30 23 19 25 1 31 17 22 18 14 8 27 13 2 20 3 16 
79 919.425 1.08764 1.03795 0.0203672
Generasi Ke-79
Jarak Total: 976.046
Solusi Optimal: 1
Best member:
10 9 12 5 29 24 4 7 1 31 17 22 18 14 8 27 13 2 20 3 15 25 19 23 30 11 26 6 21 28 16 
80 919.425 1.08764 1.03881 0.0209347
Generasi Ke-80
Jarak Total: 992.582
Solusi Optimal: 1
Best member:
5 12 10 16 11 21 17 8 14 29 23 6 28 31 27 7 4 3 24 9 19 30 15 25 1 22 18 20 2 13 26 
81 919.425 1.08764 1.04006 0.0207293
Generasi Ke-81
Jarak Total: 945.811
Solusi Optimal: 1
Best member:
19 9 12 5 29 4 24 25 15 1 31 13 2 8 27 28 21 7 10 23 16 11 26 30 6 14 18 20 22 17 3 
82 919.425 1.08764 1.04014 0.021326
Generasi Ke-82
Jarak Total: 960.226
Solusi Optimal: 1
Best member:
19 9 12 5 29 24 7 25 1 21 28 27 17 8 13 31 15 4 10 23 16 11 26 30 6 14 18 20 22 2 3 
83 919.425 1.08764 1.03935 0.0227692
Generasi Ke-83
Jarak Total: 992.582
Solusi Optimal: 1
Best member:
5 12 10 16 11 21 17 8 14 29 23 6 28 31 27 7 4 3 24 9 19 30 15 25 1 22 18 20 2 13 26 
84 915.413 1.0924 1.0379 0.0235427
Generasi Ke-84
Jarak Total: 991.96
Solusi Optimal: 1
Best member:
5 12 10 16 11 21 17 8 14 29 23 6 28 31 27 7 4 3 24 9 19 30 15 25 13 2 18 20 22 1 26 
85 915.413 1.0924 1.03993 0.0234877
Generasi Ke-85
Jarak Total: 976.086
Solusi Optimal: 1
Best member:
10 9 12 5 29 24 4 7 15 28 21 6 26 11 30 23 19 25 1 31 17 22 18 14 8 27 13 2 20 3 16 
86 915.413 1.0924 1.03967 0.0244082
Generasi Ke-86
Jarak Total: 973.509
Solusi Optimal: 1
Best member:
12 9 10 5 29 24 4 7 15 28 21 6 26 11 30 23 19 25 1 31 17 22 18 14 8 27 13 2 20 3 16 
87 915.413 1.0924 1.04097 0.023671
Generasi Ke-87
Jarak Total: 933.121
Solusi Optimal: 1
Best member:
19 9 12 5 29 24 4 15 25 1 31 13 2 8 27 28 21 7 10 23 16 11 26 30 6 14 18 20 22 17 3 
88 915.413 1.0924 1.04085 0.023278
Generasi Ke-88
Jarak Total: 983.464
Solusi Optimal: 1
Best member:
19 9 12 5 29 4 24 25 1 27 31 13 17 8 15 28 21 7 10 23 16 11 26 30 6 14 18 20 22 2 3 
89 915.413 1.0924 1.0423 0.0231466
Generasi Ke-89
Jarak Total: 976.046
Solusi Optimal: 1
Best member:
10 9 12 5 29 24 4 7 1 31 17 22 18 14 8 27 13 2 20 3 15 25 19 23 30 11 26 6 21 28 16 
90 915.413 1.0924 1.04459 0.0226086
Generasi Ke-90
Jarak Total: 924.064
Solusi Optimal: 1
Best member:
12 9 19 5 29 4 7 15 28 25 31 13 17 8 27 1 24 10 23 16 11 26 30 6 21 14 18 20 22 2 3 
91 915.413 1.0924 1.04643 0.0215446
Generasi Ke-91
Jarak Total: 957.19
Solusi Optimal: 1
Best member:
19 9 12 5 29 4 7 25 15 1 31 17 2 8 27 28 21 24 10 23 16 11 26 30 6 14 18 20 22 13 3 
92 915.413 1.0924 1.0488 0.0219786
Generasi Ke-92
Jarak Total: 933.121
Solusi Optimal: 1
Best member:
19 9 12 5 29 24 4 15 25 1 31 13 2 8 27 28 21 7 10 23 16 11 26 30 6 14 18 20 22 17 3 
93 915.413 1.0924 1.05054 0.0206808
Generasi Ke-93
Jarak Total: 960.226
Solusi Optimal: 1
Best member:
19 9 12 5 29 24 7 25 1 21 28 27 17 8 13 31 15 4 10 23 16 11 26 30 6 14 18 20 22 2 3 
94 915.413 1.0924 1.05116 0.0209572
Generasi Ke-94
Jarak Total: 933.121
Solusi Optimal: 1
Best member:
19 9 12 5 29 24 4 15 25 1 31 13 2 8 27 28 21 7 10 23 16 11 26 30 6 14 18 20 22 17 3 
95 915.413 1.0924 1.05167 0.0205375
Generasi Ke-95
Jarak Total: 957.19
Solusi Optimal: 1
Best member:
19 9 12 5 29 4 7 25 15 1 31 17 2 8 27 28 21 24 10 23 16 11 26 30 6 14 18 20 22 13 3 
96 915.413 1.0924 1.05269 0.0203117
Generasi Ke-96
Jarak Total: 958.951
Solusi Optimal: 1
Best member:
5 12 29 19 6 28 27 31 7 24 3 4 14 8 17 1 11 16 10 9 23 30 15 25 13 2 18 20 22 21 26 
97 903.907 1.10631 1.05306 0.0205608
Generasi Ke-97
Jarak Total: 958.351
Solusi Optimal: 1
Best member:
12 5 19 9 29 4 7 25 28 15 31 13 17 8 27 1 21 24 10 23 16 11 26 30 6 14 18 20 22 2 3 
98 903.907 1.10631 1.05573 0.019938
Generasi Ke-98
Jarak Total: 936.573
Solusi Optimal: 1
Best member:
10 9 12 5 29 24 4 7 15 28 21 6 26 11 30 23 19 25 1 31 27 17 2 13 8 14 22 18 20 3 16 
99 903.907 1.10631 1.05614 0.0202713
Generasi Ke-99
Jarak Total: 960.226
Solusi Optimal: 1
Best member:
19 9 12 5 29 24 7 25 1 21 28 27 17 8 13 31 15 4 10 23 16 11 26 30 6 14 18 20 22 2 3 
100 903.907 1.10631 1.05679 0.0213383
Generasi Ke-100
Jarak Total: 933.121
Solusi Optimal: 1
Best member:
19 9 12 5 29 24 4 15 25 1 31 13 2 8 27 28 21 7 10 23 16 11 26 30 6 14 18 20 22 17 3 
101 903.907 1.10631 1.05652 0.021187
Generasi Ke-101
Jarak Total: 991.441
Solusi Optimal: 1
Best member:
5 12 10 16 11 21 17 8 14 30 15 25 28 31 27 7 4 3 24 9 19 29 23 6 1 22 18 20 2 13 26 
102 903.907 1.10631 1.05831 0.0207011
Generasi Ke-102
Jarak Total: 936.573
Solusi Optimal: 1
Best member:
10 9 12 5 29 24 4 7 15 28 21 6 26 11 30 23 19 25 1 31 27 17 2 13 8 14 22 18 20 3 16 
103 903.907 1.10631 1.0586 0.0209309
Generasi Ke-103
Jarak Total: 903.907
Solusi Optimal: 1
Best member:
12 5 29 24 4 7 15 28 21 6 26 11 30 9 10 23 19 25 1 31 8 13 2 17 27 14 22 18 20 3 16 
104 903.907 1.10631 1.06084 0.0206482
Generasi Ke-104
Jarak Total: 933.117
Solusi Optimal: 1
Best member:
10 9 12 5 29 24 4 7 15 28 21 6 26 11 30 23 19 25 1 31 27 17 2 8 13 14 22 18 20 3 16 
105 903.907 1.10631 1.06282 0.0193206
Generasi Ke-105
Jarak Total: 928.764
Solusi Optimal: 1
Best member:
12 5 19 9 29 4 24 25 15 1 31 13 2 8 27 28 21 7 10 23 16 11 26 30 6 14 18 20 22 17 3 
106 903.907 1.10631 1.0631 0.0187268
Generasi Ke-106
Jarak Total: 934.566
Solusi Optimal: 1
Best member:
10 9 12 5 29 24 4 7 15 28 21 6 26 11 30 23 19 25 1 31 8 13 2 17 27 14 22 18 20 3 16 
107 903.907 1.10631 1.06431 0.017839
Generasi Ke-107
Jarak Total: 960.226
Solusi Optimal: 1
Best member:
19 9 12 5 29 24 7 25 1 21 28 27 17 8 13 31 15 4 10 23 16 11 26 30 6 14 18 20 22 2 3 
108 903.907 1.10631 1.06533 0.0176945
Generasi Ke-108
Jarak Total: 933.121
Solusi Optimal: 1
Best member:
19 9 12 5 29 24 4 15 25 1 31 13 2 8 27 28 21 7 10 23 16 11 26 30 6 14 18 20 22 17 3 
109 903.907 1.10631 1.0672 0.0160247
Generasi Ke-109
Jarak Total: 956.446
Solusi Optimal: 1
Best member:
12 5 19 9 29 4 7 25 6 30 26 11 16 23 10 24 21 1 31 8 17 13 27 15 28 14 18 20 22 2 3 
110 903.907 1.10631 1.06838 0.0153403
Generasi Ke-110
Jarak Total: 944.121
Solusi Optimal: 1
Best member:
12 9 10 5 29 24 4 7 15 28 21 6 26 11 30 23 19 25 1 17 8 14 2 13 27 31 3 18 20 22 16 
111 903.907 1.10631 1.06898 0.0148849
Generasi Ke-111
Jarak Total: 936.639
Solusi Optimal: 1
Best member:
12 5 19 9 29 4 24 15 25 27 6 30 26 11 16 23 10 7 21 28 13 2 17 1 8 14 18 20 22 31 3 
112 903.907 1.10631 1.06913 0.0148693
Generasi Ke-112
Jarak Total: 957.19
Solusi Optimal: 1
Best member:
19 9 12 5 29 4 7 25 15 1 31 17 2 8 27 28 21 24 10 23 16 11 26 30 6 14 18 20 22 13 3 
113 903.907 1.10631 1.0714 0.014384
Generasi Ke-113
Jarak Total: 959.389
Solusi Optimal: 1
Best member:
19 9 12 5 29 4 7 25 1 21 28 27 17 8 13 31 15 24 10 23 16 11 26 30 6 14 18 20 22 2 3 
114 891.461 1.12175 1.07172 0.0153084
Generasi Ke-114
Jarak Total: 915.413
Solusi Optimal: 1
Best member:
12 9 19 5 29 4 7 15 28 1 31 13 17 8 27 25 24 10 23 16 11 26 30 6 21 14 18 20 22 2 3 
115 891.461 1.12175 1.07061 0.0166276
Generasi Ke-115
Jarak Total: 915.413
Solusi Optimal: 1
Best member:
12 9 19 5 29 4 7 15 28 1 31 13 17 8 27 25 24 10 23 16 11 26 30 6 21 14 18 20 22 2 3 
116 891.461 1.12175 1.06959 0.0166646
Generasi Ke-116
Jarak Total: 933.121
Solusi Optimal: 1
Best member:
19 9 12 5 29 24 4 15 25 1 31 13 2 8 27 28 21 7 10 23 16 11 26 30 6 14 18 20 22 17 3 
117 891.461 1.12175 1.06998 0.0164432
Generasi Ke-117
Jarak Total: 919.999
Solusi Optimal: 1
Best member:
12 9 19 5 29 4 7 15 28 25 13 2 17 31 27 1 24 10 23 16 11 26 30 6 21 14 18 20 22 8 3 
118 891.461 1.12175 1.07157 0.0166408
Generasi Ke-118
Jarak Total: 932.955
Solusi Optimal: 1
Best member:
12 9 10 5 29 24 4 7 15 28 21 6 26 11 30 23 19 25 1 17 22 20 18 3 27 31 13 2 14 8 16 
119 891.461 1.12175 1.07127 0.0178802
Generasi Ke-119
Jarak Total: 924.277
Solusi Optimal: 1
Best member:
10 9 12 5 29 24 4 7 15 28 21 6 26 11 30 23 19 25 1 31 27 17 8 2 13 14 22 18 20 3 16 
120 891.461 1.12175 1.07319 0.0180972
Generasi Ke-120
Jarak Total: 928.054
Solusi Optimal: 1
Best member:
12 9 10 5 29 24 4 7 15 1 21 6 26 11 30 23 19 25 28 31 27 17 2 13 8 14 22 18 20 3 16 
121 891.461 1.12175 1.07492 0.0179626
Generasi Ke-121
Jarak Total: 931.846
Solusi Optimal: 1
Best member:
12 5 29 24 4 9 19 25 1 21 28 27 8 17 13 31 15 7 10 23 16 11 26 30 6 14 18 20 22 2 3 
122 891.461 1.12175 1.07512 0.0180633
Generasi Ke-122
Jarak Total: 931.846
Solusi Optimal: 1
Best member:
12 5 29 24 4 9 19 25 1 21 28 27 8 17 13 31 15 7 10 23 16 11 26 30 6 14 18 20 22 2 3 
123 877.497 1.1396 1.07345 0.0178659
Generasi Ke-123
Jarak Total: 924.251
Solusi Optimal: 1
Best member:
12 9 19 5 29 24 4 15 25 1 31 13 2 8 27 28 21 7 10 23 16 11 26 30 6 14 18 20 22 17 3 
124 877.497 1.1396 1.07391 0.0187107
Generasi Ke-124
Jarak Total: 931.846
Solusi Optimal: 1
Best member:
12 5 29 24 4 9 19 25 1 21 28 27 8 17 13 31 15 7 10 23 16 11 26 30 6 14 18 20 22 2 3 
125 877.497 1.1396 1.07413 0.0184636
Generasi Ke-125
Jarak Total: 931.846
Solusi Optimal: 1
Best member:
12 5 29 24 4 9 19 25 1 21 28 27 8 17 13 31 15 7 10 23 16 11 26 30 6 14 18 20 22 2 3 
126 877.497 1.1396 1.07442 0.0192083
Generasi Ke-126
Jarak Total: 931.846
Solusi Optimal: 1
Best member:
12 5 29 24 4 9 19 25 1 21 28 27 8 17 13 31 15 7 10 23 16 11 26 30 6 14 18 20 22 2 3 
127 877.497 1.1396 1.07531 0.0199793
Generasi Ke-127
Jarak Total: 915.413
Solusi Optimal: 1
Best member:
12 9 19 5 29 4 7 15 28 1 31 13 17 8 27 25 24 10 23 16 11 26 30 6 21 14 18 20 22 2 3 
128 868.628 1.15124 1.07636 0.02102
Generasi Ke-128
Jarak Total: 933.995
Solusi Optimal: 1
Best member:
12 9 10 5 29 24 4 7 15 28 21 6 26 11 30 23 19 25 1 31 27 17 2 13 8 14 22 18 20 3 16 
129 868.628 1.15124 1.07768 0.0218051
Generasi Ke-129
Jarak Total: 924.617
Solusi Optimal: 1
Best member:
10 9 12 5 29 24 4 7 15 1 21 6 26 11 30 23 19 25 28 3 20 18 22 14 27 17 2 13 8 31 16 
130 868.628 1.15124 1.07885 0.0226934
Generasi Ke-130
Jarak Total: 924.064
Solusi Optimal: 1
Best member:
12 9 19 5 29 4 7 15 28 25 31 13 17 8 27 1 24 10 23 16 11 26 30 6 21 14 18 20 22 2 3 
131 868.628 1.15124 1.07851 0.0233363
Generasi Ke-131
Jarak Total: 936.573
Solusi Optimal: 1
Best member:
10 9 12 5 29 24 4 7 15 28 21 6 26 11 30 23 19 25 1 31 27 17 2 13 8 14 22 18 20 3 16 
132 868.628 1.15124 1.07857 0.0230612
Generasi Ke-132
Jarak Total: 932.534
Solusi Optimal: 1
Best member:
19 9 12 5 29 24 4 15 25 1 31 17 2 8 27 28 21 7 10 23 16 11 26 30 6 14 18 20 22 13 3 
133 868.628 1.15124 1.07777 0.022939
Generasi Ke-133
Jarak Total: 931.773
Solusi Optimal: 1
Best member:
12 9 19 5 29 24 4 15 25 1 31 13 2 8 27 28 21 7 10 23 16 26 11 30 6 14 18 20 22 17 3 
134 868.628 1.15124 1.07839 0.0223359
Generasi Ke-134
Jarak Total: 933.121
Solusi Optimal: 1
Best member:
19 9 12 5 29 24 4 15 25 1 31 13 2 8 27 28 21 7 10 23 16 11 26 30 6 14 18 20 22 17 3 
135 868.628 1.15124 1.07837 0.0221176
Generasi Ke-135
Jarak Total: 934.566
Solusi Optimal: 1
Best member:
10 9 12 5 29 24 4 7 15 28 21 6 26 11 30 23 19 25 1 31 8 13 2 17 27 14 22 18 20 3 16 
136 868.628 1.15124 1.07769 0.0224264
Generasi Ke-136
Jarak Total: 919.152
Solusi Optimal: 1
Best member:
12 9 19 5 29 4 7 8 17 13 31 25 28 15 21 6 30 26 11 16 23 10 24 1 27 14 18 20 22 2 3 
137 868.628 1.15124 1.08036 0.022633
Generasi Ke-137
Jarak Total: 931.773
Solusi Optimal: 1
Best member:
12 9 19 5 29 24 4 15 25 1 31 13 2 8 27 28 21 7 10 23 16 26 11 30 6 14 18 20 22 17 3 
138 868.628 1.15124 1.08118 0.0226496
Generasi Ke-138
Jarak Total: 931.773
Solusi Optimal: 1
Best member:
12 9 19 5 29 24 4 15 25 1 31 13 2 8 27 28 21 7 10 23 16 26 11 30 6 14 18 20 22 17 3 
139 868.628 1.15124 1.08113 0.0219541
Generasi Ke-139
Jarak Total: 891.461
Solusi Optimal: 1
Best member:
19 9 12 5 29 24 4 15 25 1 31 13 2 8 27 28 21 7 10 23 16 11 26 30 6 14 18 20 22 3 17 
140 868.628 1.15124 1.08114 0.0220636
Generasi Ke-140
Jarak Total: 929.298
Solusi Optimal: 1
Best member:
12 5 4 24 29 9 19 25 1 21 28 27 8 17 13 31 15 7 10 23 16 11 26 30 6 14 18 20 22 2 3 
141 860.45 1.16218 1.08272 0.0223214
Generasi Ke-141
Jarak Total: 939.824
Solusi Optimal: 1
Best member:
12 10 9 5 29 24 4 7 15 28 21 6 26 11 30 23 19 25 1 17 8 14 2 13 27 31 3 18 20 22 16 
142 860.45 1.16218 1.08299 0.0234034
Generasi Ke-142
Jarak Total: 931.61
Solusi Optimal: 1
Best member:
10 9 12 5 29 24 4 7 15 28 21 6 26 11 30 23 19 25 3 20 18 22 14 13 17 2 8 27 31 1 16 
143 860.45 1.16218 1.08629 0.0249039
Generasi Ke-143
Jarak Total: 931.61
Solusi Optimal: 1
Best member:
10 9 12 5 29 24 4 7 15 28 21 6 26 11 30 23 19 25 3 20 18 22 14 13 17 2 8 27 31 1 16 
144 860.45 1.16218 1.08453 0.0237441
Generasi Ke-144
Jarak Total: 891.461
Solusi Optimal: 1
Best member:
19 9 12 5 29 24 4 15 25 1 31 13 2 8 27 28 21 7 10 23 16 11 26 30 6 14 18 20 22 3 17 
145 860.45 1.16218 1.08387 0.0241725
Generasi Ke-145
Jarak Total: 959.285
Solusi Optimal: 1
Best member:
19 9 12 5 29 4 7 25 6 30 26 11 16 23 10 24 15 31 2 8 17 27 28 21 1 14 18 20 22 13 3 
146 860.45 1.16218 1.08411 0.0233874
Generasi Ke-146
Jarak Total: 891.461
Solusi Optimal: 1
Best member:
19 9 12 5 29 24 4 15 25 1 31 13 2 8 27 28 21 7 10 23 16 11 26 30 6 14 18 20 22 3 17 
147 860.45 1.16218 1.08789 0.0230217
Generasi Ke-147
Jarak Total: 931.846
Solusi Optimal: 1
Best member:
12 5 29 24 4 9 19 25 1 21 28 27 8 17 13 31 15 7 10 23 16 11 26 30 6 14 18 20 22 2 3 
148 860.45 1.16218 1.08759 0.0242806
Generasi Ke-148
Jarak Total: 891.461
Solusi Optimal: 1
Best member:
19 9 12 5 29 24 4 15 25 1 31 13 2 8 27 28 21 7 10 23 16 11 26 30 6 14 18 20 22 3 17 
149 860.45 1.16218 1.08615 0.0251738
Generasi Ke-149
Jarak Total: 920.176
Solusi Optimal: 1
Best member:
12 9 19 5 29 4 7 15 28 25 17 13 2 31 27 1 24 10 23 16 11 26 30 6 21 14 18 20 22 8 3 
150 860.45 1.16218 1.08719 0.0258244
Generasi Ke-150
Jarak Total: 936.573
Solusi Optimal: 1
Best member:
10 9 12 5 29 24 4 7 15 28 21 6 26 11 30 23 19 25 1 31 27 17 2 13 8 14 22 18 20 3 16 
151 860.45 1.16218 1.08696 0.0256888
Generasi Ke-151
Jarak Total: 928.625
Solusi Optimal: 1
Best member:
10 9 12 5 29 24 4 7 15 1 21 6 26 11 30 23 19 25 28 31 8 13 2 17 27 14 22 18 20 3 16 
152 860.45 1.16218 1.08703 0.025377
Generasi Ke-152
Jarak Total: 915.413
Solusi Optimal: 1
Best member:
12 9 19 5 29 4 7 15 28 1 31 13 17 8 27 25 24 10 23 16 11 26 30 6 21 14 18 20 22 2 3 
153 860.45 1.16218 1.08771 0.0266904
Generasi Ke-153
Jarak Total: 919.152
Solusi Optimal: 1
Best member:
12 9 19 5 29 4 7 8 17 13 31 25 28 15 21 6 30 26 11 16 23 10 24 1 27 14 18 20 22 2 3 
154 860.45 1.16218 1.08811 0.0264677
Generasi Ke-154
Jarak Total: 933.121
Solusi Optimal: 1
Best member:
19 9 12 5 29 24 4 15 25 1 31 13 2 8 27 28 21 7 10 23 16 11 26 30 6 14 18 20 22 17 3 
155 860.45 1.16218 1.09042 0.0276014
Generasi Ke-155
Jarak Total: 931.846
Solusi Optimal: 1
Best member:
12 5 29 24 4 9 19 25 1 21 28 27 8 17 13 31 15 7 10 23 16 11 26 30 6 14 18 20 22 2 3 
156 860.45 1.16218 1.09114 0.0276787
Generasi Ke-156
Jarak Total: 931.773
Solusi Optimal: 1
Best member:
12 9 19 5 29 24 4 15 25 1 31 13 2 8 27 28 21 7 10 23 16 26 11 30 6 14 18 20 22 17 3 
157 860.45 1.16218 1.09472 0.0273225
Generasi Ke-157
Jarak Total: 913.003
Solusi Optimal: 1
Best member:
12 9 19 5 29 4 7 15 28 1 31 13 2 8 27 25 24 10 23 16 11 26 30 6 21 14 18 20 22 17 3 
158 860.45 1.16218 1.0952 0.0272319
Generasi Ke-158
Jarak Total: 959.389
Solusi Optimal: 1
Best member:
19 9 12 5 29 4 7 25 1 21 28 27 17 8 13 31 15 24 10 23 16 11 26 30 6 14 18 20 22 2 3 
159 860.45 1.16218 1.09666 0.026739
Generasi Ke-159
Jarak Total: 939.824
Solusi Optimal: 1
Best member:
12 10 9 5 29 24 4 7 15 28 21 6 26 11 30 23 19 25 1 17 8 14 2 13 27 31 3 18 20 22 16 
160 860.45 1.16218 1.0972 0.027586
Generasi Ke-160
Jarak Total: 882.592
Solusi Optimal: 1
Best member:
12 9 19 5 29 24 4 15 25 1 31 13 2 8 27 28 21 7 10 23 16 11 26 30 6 14 18 20 22 3 17 
161 860.45 1.16218 1.09928 0.0300422
Generasi Ke-161
Jarak Total: 871.344
Solusi Optimal: 1
Best member:
12 9 19 5 29 4 7 15 28 1 31 13 2 8 27 25 24 10 23 16 11 26 30 6 21 14 18 20 22 3 17 
162 860.45 1.16218 1.10248 0.029582
Generasi Ke-162
Jarak Total: 877.497
Solusi Optimal: 1
Best member:
19 9 12 5 29 24 4 15 25 1 31 13 2 8 27 28 21 7 10 23 16 11 26 30 6 3 18 20 22 14 17 
163 860.45 1.16218 1.10194 0.0299667
Generasi Ke-163
Jarak Total: 882.592
Solusi Optimal: 1
Best member:
12 9 19 5 29 24 4 15 25 1 31 13 2 8 27 28 21 7 10 23 16 11 26 30 6 14 18 20 22 3 17 
164 860.45 1.16218 1.10498 0.0294008
Generasi Ke-164
Jarak Total: 914.793
Solusi Optimal: 1
Best member:
12 9 19 5 29 4 7 8 31 13 17 25 28 15 21 6 30 26 11 16 23 10 24 1 27 14 18 20 22 2 3 
165 860.45 1.16218 1.10509 0.0285127
Generasi Ke-165
Jarak Total: 891.461
Solusi Optimal: 1
Best member:
19 9 12 5 29 24 4 15 25 1 31 13 2 8 27 28 21 7 10 23 16 11 26 30 6 14 18 20 22 3 17 
166 860.45 1.16218 1.10718 0.0288075
Generasi Ke-166
Jarak Total: 927.619
Solusi Optimal: 1
Best member:
10 9 12 5 29 24 4 7 15 1 21 6 26 11 30 23 19 25 28 31 13 8 2 17 27 14 22 18 20 3 16 
167 860.45 1.16218 1.1077 0.0299113
Generasi Ke-167
Jarak Total: 920.176
Solusi Optimal: 1
Best member:
12 9 19 5 29 4 7 15 28 25 17 13 2 31 27 1 24 10 23 16 11 26 30 6 21 14 18 20 22 8 3 
168 860.45 1.16218 1.10879 0.0301731
Generasi Ke-168
Jarak Total: 891.461
Solusi Optimal: 1
Best member:
19 9 12 5 29 24 4 15 25 1 31 13 2 8 27 28 21 7 10 23 16 11 26 30 6 14 18 20 22 3 17 
169 857.38 1.16634 1.10752 0.0302417
Generasi Ke-169
Jarak Total: 877.497
Solusi Optimal: 1
Best member:
19 9 12 5 29 24 4 15 25 1 31 13 2 8 27 28 21 7 10 23 16 11 26 30 6 3 18 20 22 14 17 
170 857.38 1.16634 1.10922 0.0303547
Generasi Ke-170
Jarak Total: 882.592
Solusi Optimal: 1
Best member:
12 9 19 5 29 24 4 15 25 1 31 13 2 8 27 28 21 7 10 23 16 11 26 30 6 14 18 20 22 3 17 
171 857.38 1.16634 1.11053 0.0315868
Generasi Ke-171
Jarak Total: 877.497
Solusi Optimal: 1
Best member:
19 9 12 5 29 24 4 15 25 1 31 13 2 8 27 28 21 7 10 23 16 11 26 30 6 3 18 20 22 14 17 
172 857.38 1.16634 1.11138 0.0319046
Generasi Ke-172
Jarak Total: 891.461
Solusi Optimal: 1
Best member:
19 9 12 5 29 24 4 15 25 1 31 13 2 8 27 28 21 7 10 23 16 11 26 30 6 14 18 20 22 3 17 
173 857.38 1.16634 1.11304 0.0318091
Generasi Ke-173
Jarak Total: 877.497
Solusi Optimal: 1
Best member:
19 9 12 5 29 24 4 15 25 1 31 13 2 8 27 28 21 7 10 23 16 11 26 30 6 3 18 20 22 14 17 
174 857.38 1.16634 1.1148 0.032221
Generasi Ke-174
Jarak Total: 915.413
Solusi Optimal: 1
Best member:
12 9 19 5 29 4 7 15 28 1 31 13 17 8 27 25 24 10 23 16 11 26 30 6 21 14 18 20 22 2 3 
175 857.38 1.16634 1.11492 0.0324098
Generasi Ke-175
Jarak Total: 868.628
Solusi Optimal: 1
Best member:
12 9 19 5 29 24 4 15 25 1 31 13 2 8 27 28 21 7 10 23 16 11 26 30 6 3 18 20 22 14 17 
176 857.38 1.16634 1.11243 0.0335209
Generasi Ke-176
Jarak Total: 868.628
Solusi Optimal: 1
Best member:
12 9 19 5 29 24 4 15 25 1 31 13 2 8 27 28 21 7 10 23 16 11 26 30 6 14 22 20 18 3 17 
177 857.38 1.16634 1.1173 0.0330166
Generasi Ke-177
Jarak Total: 930.446
Solusi Optimal: 1
Best member:
10 9 12 5 29 24 4 7 15 28 21 6 26 11 30 23 19 25 3 20 18 22 14 17 8 2 13 27 31 1 16 
178 857.38 1.16634 1.11719 0.032211
Generasi Ke-178
Jarak Total: 920.176
Solusi Optimal: 1
Best member:
12 9 19 5 29 4 7 15 28 25 17 13 2 31 27 1 24 10 23 16 11 26 30 6 21 14 18 20 22 8 3 
179 849.202 1.17758 1.11877 0.0320413
Generasi Ke-179
Jarak Total: 913.282
Solusi Optimal: 1
Best member:
12 9 19 5 29 4 7 15 28 25 31 13 2 17 27 1 24 10 23 16 11 26 30 6 21 22 18 20 14 8 3 
180 849.202 1.17758 1.12036 0.0315603
Generasi Ke-180
Jarak Total: 913.282
Solusi Optimal: 1
Best member:
12 9 19 5 29 4 7 15 28 25 31 13 2 17 27 1 24 10 23 16 11 26 30 6 21 22 18 20 14 8 3 
181 849.202 1.17758 1.12407 0.0305758
Generasi Ke-181
Jarak Total: 868.628
Solusi Optimal: 1
Best member:
12 9 19 5 29 24 4 15 25 1 31 13 2 8 27 28 21 7 10 23 16 11 26 30 6 14 22 20 18 3 17 
182 849.202 1.17758 1.12656 0.0297533
Generasi Ke-182
Jarak Total: 868.628
Solusi Optimal: 1
Best member:
12 9 19 5 29 24 4 15 25 1 31 13 2 8 27 28 21 7 10 23 16 11 26 30 6 3 18 20 22 14 17 
183 849.202 1.17758 1.12713 0.0284191
Generasi Ke-183
Jarak Total: 868.628
Solusi Optimal: 1
Best member:
12 9 19 5 29 24 4 15 25 1 31 13 2 8 27 28 21 7 10 23 16 11 26 30 6 14 22 20 18 3 17 
184 849.202 1.17758 1.12739 0.0282904
Generasi Ke-184
Jarak Total: 868.628
Solusi Optimal: 1
Best member:
12 9 19 5 29 24 4 15 25 1 31 13 2 8 27 28 21 7 10 23 16 11 26 30 6 3 18 20 22 14 17 
185 849.202 1.17758 1.12929 0.0274151
Generasi Ke-185
Jarak Total: 924.251
Solusi Optimal: 1
Best member:
12 9 19 5 29 24 4 15 25 1 31 13 2 8 27 28 21 7 10 23 16 11 26 30 6 14 18 20 22 17 3 
186 849.202 1.17758 1.13061 0.0269249
Generasi Ke-186
Jarak Total: 890.689
Solusi Optimal: 1
Best member:
12 9 19 5 29 4 24 15 25 1 31 13 2 8 27 28 21 7 10 23 16 11 26 30 6 14 18 20 22 3 17 
187 849.202 1.17758 1.13134 0.0267993
Generasi Ke-187
Jarak Total: 868.628
Solusi Optimal: 1
Best member:
12 9 19 5 29 24 4 15 25 1 31 13 2 8 27 28 21 7 10 23 16 11 26 30 6 3 18 20 22 14 17 
188 849.202 1.17758 1.13555 0.0242025
Generasi Ke-188
Jarak Total: 868.628
Solusi Optimal: 1
Best member:
12 9 19 5 29 24 4 15 25 1 31 13 2 8 27 28 21 7 10 23 16 11 26 30 6 3 18 20 22 14 17 
189 849.202 1.17758 1.13693 0.0240223
Generasi Ke-189
Jarak Total: 877.497
Solusi Optimal: 1
Best member:
19 9 12 5 29 24 4 15 25 1 31 13 2 8 27 28 21 7 10 23 16 11 26 30 6 3 18 20 22 14 17 
190 849.202 1.17758 1.13754 0.0228042
Generasi Ke-190
Jarak Total: 868.628
Solusi Optimal: 1
Best member:
12 9 19 5 29 24 4 15 25 1 31 13 2 8 27 28 21 7 10 23 16 11 26 30 6 14 22 20 18 3 17 
191 849.202 1.17758 1.13799 0.0225176
Generasi Ke-191
Jarak Total: 874.414
Solusi Optimal: 1
Best member:
12 5 19 9 29 24 4 15 25 1 31 13 2 8 27 28 21 7 10 23 16 11 26 30 6 14 18 20 22 3 17 
192 849.202 1.17758 1.13774 0.022639
Generasi Ke-192
Jarak Total: 877.497
Solusi Optimal: 1
Best member:
19 9 12 5 29 24 4 15 25 1 31 13 2 8 27 28 21 7 10 23 16 11 26 30 6 3 18 20 22 14 17 
193 849.202 1.17758 1.1388 0.0203919
Generasi Ke-193
Jarak Total: 877.497
Solusi Optimal: 1
Best member:
19 9 12 5 29 24 4 15 25 1 31 13 2 8 27 28 21 7 10 23 16 11 26 30 6 3 18 20 22 14 17 
194 849.202 1.17758 1.1399 0.0196606
Generasi Ke-194
Jarak Total: 877.497
Solusi Optimal: 1
Best member:
19 9 12 5 29 24 4 15 25 1 31 13 2 8 27 28 21 7 10 23 16 11 26 30 6 14 22 20 18 3 17 
195 849.202 1.17758 1.1398 0.019269
Generasi Ke-195
Jarak Total: 891.461
Solusi Optimal: 1
Best member:
19 9 12 5 29 24 4 15 25 1 31 13 2 8 27 28 21 7 10 23 16 11 26 30 6 14 18 20 22 3 17 
196 845.631 1.18255 1.14061 0.0175397
Generasi Ke-196
Jarak Total: 891.461
Solusi Optimal: 1
Best member:
19 9 12 5 29 24 4 15 25 1 31 13 2 8 27 28 21 7 10 23 16 11 26 30 6 14 18 20 22 3 17 
197 845.631 1.18255 1.14186 0.0166362
Generasi Ke-197
Jarak Total: 905.104
Solusi Optimal: 1
Best member:
12 5 19 9 29 4 7 15 28 25 31 13 2 17 27 1 24 10 23 16 11 26 30 6 21 22 18 20 14 8 3 
198 845.631 1.18255 1.14117 0.0172471
Generasi Ke-198
Jarak Total: 877.497
Solusi Optimal: 1
Best member:
19 9 12 5 29 24 4 15 25 1 31 13 2 8 27 28 21 7 10 23 16 11 26 30 6 3 18 20 22 14 17 
199 845.631 1.18255 1.14185 0.0165931
Generasi Ke-199
Jarak Total: 868.628
Solusi Optimal: 1
Best member:
12 9 19 5 29 24 4 15 25 1 31 13 2 8 27 28 21 7 10 23 16 11 26 30 6 3 18 20 22 14 17 
200 845.631 1.18255 1.14341 0.0154129
Generasi Ke-200
Jarak Total: 905.104
Solusi Optimal: 1
Best member:
12 5 19 9 29 4 7 15 28 25 31 13 2 17 27 1 24 10 23 16 11 26 30 6 21 22 18 20 14 8 3 
201 845.631 1.18255 1.14361 0.0153068
Generasi Ke-201
Jarak Total: 868.628
Solusi Optimal: 1
Best member:
12 9 19 5 29 24 4 15 25 1 31 13 2 8 27 28 21 7 10 23 16 11 26 30 6 14 22 20 18 3 17 
202 845.631 1.18255 1.14514 0.0134387
Generasi Ke-202
Jarak Total: 896.453
Solusi Optimal: 1
Best member:
12 5 19 9 29 4 7 15 28 25 27 17 2 13 31 1 24 10 23 16 11 26 30 6 21 22 18 20 14 8 3 
203 845.631 1.18255 1.14641 0.0115702
Generasi Ke-203
Jarak Total: 877.497
Solusi Optimal: 1
Best member:
19 9 12 5 29 24 4 15 25 1 31 13 2 8 27 28 21 7 10 23 16 11 26 30 6 3 18 20 22 14 17 
204 845.631 1.18255 1.14708 0.00986922
Generasi Ke-204
Jarak Total: 868.628
Solusi Optimal: 1
Best member:
12 9 19 5 29 24 4 15 25 1 31 13 2 8 27 28 21 7 10 23 16 11 26 30 6 14 22 20 18 3 17 
205 845.631 1.18255 1.14741 0.00958685
Generasi Ke-205
Jarak Total: 891.461
Solusi Optimal: 1
Best member:
19 9 12 5 29 24 4 15 25 1 31 13 2 8 27 28 21 7 10 23 16 11 26 30 6 14 18 20 22 3 17 
206 845.631 1.18255 1.1476 0.00990415
Generasi Ke-206
Jarak Total: 868.628
Solusi Optimal: 1
Best member:
12 9 19 5 29 24 4 15 25 1 31 13 2 8 27 28 21 7 10 23 16 11 26 30 6 14 22 20 18 3 17 
207 845.631 1.18255 1.14779 0.00916951
Generasi Ke-207
Jarak Total: 868.628
Solusi Optimal: 1
Best member:
12 9 19 5 29 24 4 15 25 1 31 13 2 8 27 28 21 7 10 23 16 11 26 30 6 14 22 20 18 3 17 
208 845.631 1.18255 1.14845 0.00850068
Generasi Ke-208
Jarak Total: 891.461
Solusi Optimal: 1
Best member:
19 9 12 5 29 24 4 15 25 1 31 13 2 8 27 28 21 7 10 23 16 11 26 30 6 14 18 20 22 3 17 
209 845.631 1.18255 1.14934 0.0081302
Generasi Ke-209
Jarak Total: 877.497
Solusi Optimal: 1
Best member:
19 9 12 5 29 24 4 15 25 1 31 13 2 8 27 28 21 7 10 23 16 11 26 30 6 3 18 20 22 14 17 
210 845.631 1.18255 1.14937 0.00748006
Generasi Ke-210
Jarak Total: 868.628
Solusi Optimal: 1
Best member:
12 9 19 5 29 24 4 15 25 1 31 13 2 8 27 28 21 7 10 23 16 11 26 30 6 14 22 20 18 3 17 
211 845.631 1.18255 1.14976 0.00781648
Generasi Ke-211
Jarak Total: 877.497
Solusi Optimal: 1
Best member:
19 9 12 5 29 24 4 15 25 1 31 13 2 8 27 28 21 7 10 23 16 11 26 30 6 3 18 20 22 14 17 
212 845.631 1.18255 1.15028 0.00809984
Generasi Ke-212
Jarak Total: 860.45
Solusi Optimal: 1
Best member:
12 5 19 9 29 24 4 15 25 1 21 28 27 8 2 13 31 7 10 23 16 11 26 30 6 3 18 20 22 14 17 
213 845.631 1.18255 1.15058 0.00787348
Generasi Ke-213
Jarak Total: 860.149
Solusi Optimal: 1
Best member:
12 5 29 9 19 24 4 15 25 1 31 13 2 8 27 28 21 7 10 23 16 11 26 30 6 3 18 20 22 14 17 
214 845.631 1.18255 1.15086 0.00731276
Generasi Ke-214
Jarak Total: 860.149
Solusi Optimal: 1
Best member:
12 5 29 9 19 24 4 15 25 1 31 13 2 8 27 28 21 7 10 23 16 11 26 30 6 3 18 20 22 14 17 
215 845.631 1.18255 1.15124 0.00704562
Generasi Ke-215
Jarak Total: 868.628
Solusi Optimal: 1
Best member:
12 9 19 5 29 24 4 15 25 1 31 13 2 8 27 28 21 7 10 23 16 11 26 30 6 3 18 20 22 14 17 
216 845.631 1.18255 1.15168 0.00676686
Generasi Ke-216
Jarak Total: 860.45
Solusi Optimal: 1
Best member:
12 5 19 9 29 24 4 15 25 1 31 13 2 8 27 28 21 7 10 23 16 11 26 30 6 3 18 20 22 14 17 
217 845.631 1.18255 1.15198 0.00690222
Generasi Ke-217
Jarak Total: 860.45
Solusi Optimal: 1
Best member:
12 5 19 9 29 24 4 15 25 1 31 13 2 8 27 28 21 7 10 23 16 11 26 30 6 14 22 20 18 3 17 
218 845.631 1.18255 1.15239 0.0065164
Generasi Ke-218
Jarak Total: 860.149
Solusi Optimal: 1
Best member:
12 5 29 9 19 24 4 15 25 1 31 13 2 8 27 28 21 7 10 23 16 11 26 30 6 3 18 20 22 14 17 
219 845.631 1.18255 1.15261 0.00649856
Generasi Ke-219
Jarak Total: 868.628
Solusi Optimal: 1
Best member:
12 9 19 5 29 24 4 15 25 1 31 13 2 8 27 28 21 7 10 23 16 11 26 30 6 14 22 20 18 3 17 
220 845.631 1.18255 1.15315 0.00662594
Generasi Ke-220
Jarak Total: 868.628
Solusi Optimal: 1
Best member:
12 9 19 5 29 24 4 15 25 1 31 13 2 8 27 28 21 7 10 23 16 11 26 30 6 14 22 20 18 3 17 
221 845.631 1.18255 1.15307 0.00706362
Generasi Ke-221
Jarak Total: 860.149
Solusi Optimal: 1
Best member:
12 5 29 9 19 24 4 15 25 1 31 13 2 8 27 28 21 7 10 23 16 11 26 30 6 3 18 20 22 14 17 
222 845.631 1.18255 1.15314 0.00797068
Generasi Ke-222
Jarak Total: 868.628
Solusi Optimal: 1
Best member:
12 9 19 5 29 24 4 15 25 1 31 13 2 8 27 28 21 7 10 23 16 11 26 30 6 14 22 20 18 3 17 
223 845.631 1.18255 1.15334 0.00770822
Generasi Ke-223
Jarak Total: 877.497
Solusi Optimal: 1
Best member:
19 9 12 5 29 24 4 15 25 1 31 13 2 8 27 28 21 7 10 23 16 11 26 30 6 3 18 20 22 14 17 
224 845.631 1.18255 1.15341 0.00763862
Generasi Ke-224
Jarak Total: 860.45
Solusi Optimal: 1
Best member:
12 5 19 9 29 24 4 15 25 1 31 13 2 8 27 28 21 7 10 23 16 11 26 30 6 14 22 20 18 3 17 
225 845.631 1.18255 1.15409 0.00763357
Generasi Ke-225
Jarak Total: 868.628
Solusi Optimal: 1
Best member:
12 9 19 5 29 24 4 15 25 1 31 13 2 8 27 28 21 7 10 23 16 11 26 30 6 14 22 20 18 3 17 
226 845.631 1.18255 1.15434 0.0080516
Generasi Ke-226
Jarak Total: 860.45
Solusi Optimal: 1
Best member:
12 5 19 9 29 24 4 15 25 1 31 13 2 8 27 28 21 7 10 23 16 11 26 30 6 3 18 20 22 14 17 
227 845.631 1.18255 1.15448 0.00812555
Generasi Ke-227
Jarak Total: 860.149
Solusi Optimal: 1
Best member:
12 5 29 9 19 24 4 15 25 1 31 13 2 8 27 28 21 7 10 23 16 11 26 30 6 3 18 20 22 14 17 
228 845.631 1.18255 1.15441 0.0076323
Generasi Ke-228
Jarak Total: 868.628
Solusi Optimal: 1
Best member:
12 9 19 5 29 24 4 15 25 1 31 13 2 8 27 28 21 7 10 23 16 11 26 30 6 3 18 20 22 14 17 
229 845.631 1.18255 1.15518 0.00756467
Generasi Ke-229
Jarak Total: 868.628
Solusi Optimal: 1
Best member:
12 9 19 5 29 24 4 15 25 1 31 13 2 8 27 28 21 7 10 23 16 11 26 30 6 14 22 20 18 3 17 
230 845.631 1.18255 1.15607 0.00724142
Generasi Ke-230
Jarak Total: 868.628
Solusi Optimal: 1
Best member:
12 9 19 5 29 24 4 15 25 1 31 13 2 8 27 28 21 7 10 23 16 11 26 30 6 14 22 20 18 3 17 
231 845.631 1.18255 1.15617 0.00694998
Generasi Ke-231
Jarak Total: 860.149
Solusi Optimal: 1
Best member:
12 5 29 9 19 24 4 15 25 1 31 13 2 8 27 28 21 7 10 23 16 11 26 30 6 3 18 20 22 14 17 
232 845.631 1.18255 1.15642 0.00677983
Generasi Ke-232
Jarak Total: 868.628
Solusi Optimal: 1
Best member:
12 9 19 5 29 24 4 15 25 1 31 13 2 8 27 28 21 7 10 23 16 11 26 30 6 14 22 20 18 3 17 
233 845.631 1.18255 1.15667 0.00671338
Generasi Ke-233
Jarak Total: 860.149
Solusi Optimal: 1
Best member:
12 5 29 9 19 24 4 15 25 1 31 13 2 8 27 28 21 7 10 23 16 11 26 30 6 3 18 20 22 14 17 
234 845.631 1.18255 1.15695 0.0063969
Generasi Ke-234
Jarak Total: 860.45
Solusi Optimal: 1
Best member:
12 5 19 9 29 24 4 15 25 1 31 13 2 8 27 28 21 7 10 23 16 11 26 30 6 14 22 20 18 3 17 
235 845.631 1.18255 1.15679 0.00651679
Generasi Ke-235
Jarak Total: 860.45
Solusi Optimal: 1
Best member:
12 5 19 9 29 24 4 15 25 1 31 13 2 8 27 28 21 7 10 23 16 11 26 30 6 14 22 20 18 3 17 
236 845.631 1.18255 1.15697 0.00639743
Generasi Ke-236
Jarak Total: 868.628
Solusi Optimal: 1
Best member:
12 9 19 5 29 24 4 15 25 1 31 13 2 8 27 28 21 7 10 23 16 11 26 30 6 14 22 20 18 3 17 
237 843.053 1.18616 1.15698 0.00625576
Generasi Ke-237
Jarak Total: 860.45
Solusi Optimal: 1
Best member:
12 5 19 9 29 24 4 15 25 1 31 13 2 8 27 28 21 7 10 23 16 11 26 30 6 14 22 20 18 3 17 
238 843.053 1.18616 1.15693 0.00640487
Generasi Ke-238
Jarak Total: 868.628
Solusi Optimal: 1
Best member:
12 9 19 5 29 24 4 15 25 1 31 13 2 8 27 28 21 7 10 23 16 11 26 30 6 14 22 20 18 3 17 
239 843.053 1.18616 1.15722 0.00646173
Generasi Ke-239
Jarak Total: 860.149
Solusi Optimal: 1
Best member:
12 5 29 9 19 24 4 15 25 1 31 13 2 8 27 28 21 7 10 23 16 11 26 30 6 3 18 20 22 14 17 
240 843.053 1.18616 1.15715 0.00645893
Generasi Ke-240
Jarak Total: 860.45
Solusi Optimal: 1
Best member:
12 5 19 9 29 24 4 15 25 1 31 13 2 8 27 28 21 7 10 23 16 11 26 30 6 14 22 20 18 3 17 
241 843.053 1.18616 1.15731 0.00625932
Generasi Ke-241
Jarak Total: 860.149
Solusi Optimal: 1
Best member:
12 5 29 9 19 24 4 15 25 1 31 13 2 8 27 28 21 7 10 23 16 11 26 30 6 3 18 20 22 14 17 
242 843.053 1.18616 1.15785 0.00615424
Generasi Ke-242
Jarak Total: 860.149
Solusi Optimal: 1
Best member:
12 5 29 9 19 24 4 15 25 1 31 13 2 8 27 28 21 7 10 23 16 11 26 30 6 3 18 20 22 14 17 
243 843.053 1.18616 1.15785 0.00606368
Generasi Ke-243
Jarak Total: 860.45
Solusi Optimal: 1
Best member:
12 5 19 9 29 24 4 15 25 1 31 13 2 8 27 28 21 7 10 23 16 11 26 30 6 14 22 20 18 3 17 
244 843.053 1.18616 1.15776 0.00610816
Generasi Ke-244
Jarak Total: 868.628
Solusi Optimal: 1
Best member:
12 9 19 5 29 24 4 15 25 1 31 13 2 8 27 28 21 7 10 23 16 11 26 30 6 14 22 20 18 3 17 
245 843.053 1.18616 1.15839 0.00624745
Generasi Ke-245
Jarak Total: 868.628
Solusi Optimal: 1
Best member:
12 9 19 5 29 24 4 15 25 1 31 13 2 8 27 28 21 7 10 23 16 11 26 30 6 3 18 20 22 14 17 
246 843.053 1.18616 1.15819 0.0065261
Generasi Ke-246
Jarak Total: 868.628
Solusi Optimal: 1
Best member:
12 9 19 5 29 24 4 15 25 1 31 13 2 8 27 28 21 7 10 23 16 11 26 30 6 3 18 20 22 14 17 
247 843.053 1.18616 1.15817 0.00669629
Generasi Ke-247
Jarak Total: 868.628
Solusi Optimal: 1
Best member:
12 9 19 5 29 24 4 15 25 1 31 13 2 8 27 28 21 7 10 23 16 11 26 30 6 14 22 20 18 3 17 
248 843.053 1.18616 1.15816 0.00647218
Generasi Ke-248
Jarak Total: 860.45
Solusi Optimal: 1
Best member:
12 5 19 9 29 24 4 15 25 1 31 13 2 8 27 28 21 7 10 23 16 11 26 30 6 3 18 20 22 14 17 
249 843.053 1.18616 1.15839 0.00671438
Generasi Ke-249
Jarak Total: 860.45
Solusi Optimal: 1
Best member:
12 5 19 9 29 24 4 15 25 1 31 13 2 8 27 28 21 7 10 23 16 11 26 30 6 14 22 20 18 3 17 
250 843.053 1.18616 1.1581 0.00631771
Generasi Ke-250
Jarak Total: 860.45
Solusi Optimal: 1
Best member:
12 5 19 9 29 24 4 15 25 1 31 13 2 8 27 28 21 7 10 23 16 11 26 30 6 3 18 20 22 14 17 
251 843.053 1.18616 1.15788 0.006135
Generasi Ke-251
Jarak Total: 868.628
Solusi Optimal: 1
Best member:
12 9 19 5 29 24 4 15 25 1 31 13 2 8 27 28 21 7 10 23 16 11 26 30 6 3 18 20 22 14 17 
252 843.053 1.18616 1.15811 0.00628054
Generasi Ke-252
Jarak Total: 860.45
Solusi Optimal: 1
Best member:
12 5 19 9 29 24 4 15 25 1 31 13 2 8 27 28 21 7 10 23 16 11 26 30 6 3 18 20 22 14 17 
253 843.053 1.18616 1.15883 0.00608735
Generasi Ke-253
Jarak Total: 860.45
Solusi Optimal: 1
Best member:
12 5 19 9 29 24 4 15 25 1 31 13 2 8 27 28 21 7 10 23 16 11 26 30 6 14 22 20 18 3 17 
254 843.053 1.18616 1.15909 0.00621504
Generasi Ke-254
Jarak Total: 860.45
Solusi Optimal: 1
Best member:
12 5 19 9 29 24 4 15 25 1 31 13 2 8 27 28 21 7 10 23 16 11 26 30 6 14 22 20 18 3 17 
255 843.053 1.18616 1.15913 0.00591843
Generasi Ke-255
Jarak Total: 868.628
Solusi Optimal: 1
Best member:
12 9 19 5 29 24 4 15 25 1 31 13 2 8 27 28 21 7 10 23 16 11 26 30 6 3 18 20 22 14 17 
256 843.053 1.18616 1.15938 0.00587462
Generasi Ke-256
Jarak Total: 860.149
Solusi Optimal: 1
Best member:
12 5 29 9 19 24 4 15 25 1 31 13 2 8 27 28 21 7 10 23 16 11 26 30 6 3 18 20 22 14 17 
257 843.053 1.18616 1.15956 0.0062124
Generasi Ke-257
Jarak Total: 868.628
Solusi Optimal: 1
Best member:
12 9 19 5 29 24 4 15 25 1 31 13 2 8 27 28 21 7 10 23 16 11 26 30 6 14 22 20 18 3 17 
258 843.053 1.18616 1.15969 0.006247
Generasi Ke-258
Jarak Total: 868.628
Solusi Optimal: 1
Best member:
12 9 19 5 29 24 4 15 25 1 31 13 2 8 27 28 21 7 10 23 16 11 26 30 6 14 22 20 18 3 17 
259 843.053 1.18616 1.15991 0.00632791
Generasi Ke-259
Jarak Total: 860.45
Solusi Optimal: 1
Best member:
12 5 19 9 29 24 4 15 25 1 31 13 2 8 27 28 21 7 10 23 16 11 26 30 6 14 22 20 18 3 17 
260 843.053 1.18616 1.16024 0.00633185
Generasi Ke-260
Jarak Total: 860.149
Solusi Optimal: 1
Best member:
12 5 29 9 19 24 4 15 25 1 31 13 2 8 27 28 21 7 10 23 16 11 26 30 6 3 18 20 22 14 17 
261 843.053 1.18616 1.16089 0.0070564
Generasi Ke-261
Jarak Total: 860.45
Solusi Optimal: 1
Best member:
12 5 19 9 29 24 4 15 25 1 31 13 2 8 27 28 21 7 10 23 16 11 26 30 6 3 18 20 22 14 17 
262 843.053 1.18616 1.16112 0.00715728
Generasi Ke-262
Jarak Total: 860.149
Solusi Optimal: 1
Best member:
12 5 29 9 19 24 4 15 25 1 31 13 2 8 27 28 21 7 10 23 16 11 26 30 6 3 18 20 22 14 17 
263 843.053 1.18616 1.16166 0.00700713
Generasi Ke-263
Jarak Total: 860.45
Solusi Optimal: 1
Best member:
12 5 19 9 29 24 4 15 25 1 31 13 2 8 27 28 21 7 10 23 16 11 26 30 6 3 18 20 22 14 17 
264 843.053 1.18616 1.16146 0.0067191
Generasi Ke-264
Jarak Total: 868.628
Solusi Optimal: 1
Best member:
12 9 19 5 29 24 4 15 25 1 31 13 2 8 27 28 21 7 10 23 16 11 26 30 6 14 22 20 18 3 17 
265 843.053 1.18616 1.16142 0.0068399
Generasi Ke-265
Jarak Total: 860.45
Solusi Optimal: 1
Best member:
12 5 19 9 29 24 4 15 25 1 31 13 2 8 27 28 21 7 10 23 16 11 26 30 6 14 22 20 18 3 17 
266 843.053 1.18616 1.16236 0.00770596
Generasi Ke-266
Jarak Total: 856.506
Solusi Optimal: 1
Best member:
12 5 9 19 29 24 4 15 25 1 31 13 2 8 27 28 21 7 10 23 16 11 26 30 6 14 22 20 18 3 17 
267 843.053 1.18616 1.16259 0.00744312
Generasi Ke-267
Jarak Total: 868.628
Solusi Optimal: 1
Best member:
12 9 19 5 29 24 4 15 25 1 31 13 2 8 27 28 21 7 10 23 16 11 26 30 6 14 22 20 18 3 17 
268 843.053 1.18616 1.16283 0.00751313
Generasi Ke-268
Jarak Total: 860.45
Solusi Optimal: 1
Best member:
12 5 19 9 29 24 4 15 25 1 31 13 2 8 27 28 21 7 10 23 16 11 26 30 6 3 18 20 22 14 17 
269 843.053 1.18616 1.16297 0.00735281
Generasi Ke-269
Jarak Total: 843.053
Solusi Optimal: 1
Best member:
12 5 9 29 24 4 15 25 1 31 13 2 8 27 28 21 7 19 10 23 16 11 26 30 6 3 18 20 22 14 17 
270 843.053 1.18616 1.16243 0.00649678
Generasi Ke-270
Jarak Total: 860.149
Solusi Optimal: 1
Best member:
12 5 29 9 19 24 4 15 25 1 31 13 2 8 27 28 21 7 10 23 16 11 26 30 6 3 18 20 22 14 17 
271 843.053 1.18616 1.16318 0.00658746
Generasi Ke-271
Jarak Total: 860.45
Solusi Optimal: 1
Best member:
12 5 19 9 29 24 4 15 25 1 31 13 2 8 27 28 21 7 10 23 16 11 26 30 6 14 22 20 18 3 17 
272 843.053 1.18616 1.16409 0.00745194
Generasi Ke-272
Jarak Total: 860.45
Solusi Optimal: 1
Best member:
12 5 19 9 29 24 4 15 25 1 31 13 2 8 27 28 21 7 10 23 16 11 26 30 6 3 18 20 22 14 17 
273 843.053 1.18616 1.16444 0.00782498
Generasi Ke-273
Jarak Total: 856.506
Solusi Optimal: 1
Best member:
12 5 9 19 29 24 4 15 25 1 31 13 2 8 27 28 21 7 10 23 16 11 26 30 6 3 18 20 22 14 17 
274 843.053 1.18616 1.16488 0.00798784
Generasi Ke-274
Jarak Total: 860.45
Solusi Optimal: 1
Best member:
12 5 19 9 29 24 4 15 25 1 31 13 2 8 27 28 21 7 10 23 16 11 26 30 6 14 22 20 18 3 17 
275 841.418 1.18847 1.16521 0.00816535
Generasi Ke-275
Jarak Total: 868.628
Solusi Optimal: 1
Best member:
12 9 19 5 29 24 4 15 25 1 31 13 2 8 27 28 21 7 10 23 16 11 26 30 6 14 22 20 18 3 17 
276 841.418 1.18847 1.16566 0.00828691
Generasi Ke-276
Jarak Total: 860.149
Solusi Optimal: 1
Best member:
12 5 29 9 19 24 4 15 25 1 31 13 2 8 27 28 21 7 10 23 16 11 26 30 6 3 18 20 22 14 17 
277 841.418 1.18847 1.16628 0.00854463
Generasi Ke-277
Jarak Total: 843.053
Solusi Optimal: 1
Best member:
12 5 9 29 24 4 15 25 1 31 13 2 8 27 28 21 7 19 10 23 16 11 26 30 6 3 18 20 22 14 17 
278 841.418 1.18847 1.16647 0.00874464
Generasi Ke-278
Jarak Total: 860.45
Solusi Optimal: 1
Best member:
12 5 19 9 29 24 4 15 25 1 31 13 2 8 27 28 21 7 10 23 16 11 26 30 6 3 18 20 22 14 17 
279 841.418 1.18847 1.16711 0.00918671
Generasi Ke-279
Jarak Total: 860.45
Solusi Optimal: 1
Best member:
12 5 19 9 29 24 4 15 25 1 31 13 2 8 27 28 21 7 10 23 16 11 26 30 6 3 18 20 22 14 17 
280 841.418 1.18847 1.16742 0.00911196
Generasi Ke-280
Jarak Total: 843.053
Solusi Optimal: 1
Best member:
12 5 9 29 24 4 15 25 1 31 13 2 8 27 28 21 7 19 10 23 16 11 26 30 6 3 18 20 22 14 17 
281 841.418 1.18847 1.16703 0.00864458
Generasi Ke-281
Jarak Total: 860.45
Solusi Optimal: 1
Best member:
12 5 19 9 29 24 4 15 25 1 31 13 2 8 27 28 21 7 10 23 16 11 26 30 6 3 18 20 22 14 17 
282 841.418 1.18847 1.16753 0.00889312
Generasi Ke-282
Jarak Total: 860.45
Solusi Optimal: 1
Best member:
12 5 19 9 29 24 4 15 25 1 31 13 2 8 27 28 21 7 10 23 16 11 26 30 6 3 18 20 22 14 17 
283 841.418 1.18847 1.16743 0.00883247
Generasi Ke-283
Jarak Total: 860.45
Solusi Optimal: 1
Best member:
12 5 19 9 29 24 4 15 25 1 31 13 2 8 27 28 21 7 10 23 16 11 26 30 6 14 22 20 18 3 17 
284 837.946 1.19339 1.16811 0.00934462
Generasi Ke-284
Jarak Total: 860.149
Solusi Optimal: 1
Best member:
12 5 29 9 19 24 4 15 25 1 31 13 2 8 27 28 21 7 10 23 16 11 26 30 6 3 18 20 22 14 17 
285 837.946 1.19339 1.16887 0.00982035
Generasi Ke-285
Jarak Total: 855.042
Solusi Optimal: 1
Best member:
12 5 29 9 19 24 15 25 1 31 13 2 8 27 28 21 7 10 23 16 11 26 30 6 4 3 18 20 22 14 17 
286 834.221 1.19872 1.16879 0.00962491
Generasi Ke-286
Jarak Total: 843.053
Solusi Optimal: 1
Best member:
12 5 9 29 24 4 15 25 1 31 13 2 8 27 28 21 7 19 10 23 16 11 26 30 6 14 22 20 18 3 17 
287 834.221 1.19872 1.1685 0.00925018
Generasi Ke-287
Jarak Total: 860.45
Solusi Optimal: 1
Best member:
12 5 19 9 29 24 4 15 25 1 31 13 2 8 27 28 21 7 10 23 16 11 26 30 6 3 18 20 22 14 17 
288 834.221 1.19872 1.16797 0.00897004
Generasi Ke-288
Jarak Total: 860.149
Solusi Optimal: 1
Best member:
12 5 29 9 19 24 4 15 25 1 31 13 2 8 27 28 21 7 10 23 16 11 26 30 6 3 18 20 22 14 17 
289 834.221 1.19872 1.16835 0.00923057
Generasi Ke-289
Jarak Total: 860.45
Solusi Optimal: 1
Best member:
12 5 19 9 29 24 4 15 25 1 21 28 27 8 2 13 31 7 10 23 16 11 26 30 6 3 18 20 22 14 17 
290 834.221 1.19872 1.16924 0.0095373
Generasi Ke-290
Jarak Total: 860.45
Solusi Optimal: 1
Best member:
12 5 19 9 29 24 4 15 25 1 31 13 2 8 27 28 21 7 10 23 16 11 26 30 6 3 18 20 22 14 17 
291 834.221 1.19872 1.1695 0.00966615
Generasi Ke-291
Jarak Total: 860.45
Solusi Optimal: 1
Best member:
12 5 19 9 29 24 4 15 25 1 31 13 2 8 27 28 21 7 10 23 16 11 26 30 6 14 22 20 18 3 17 
292 834.221 1.19872 1.16959 0.00932785
Generasi Ke-292
Jarak Total: 856.506
Solusi Optimal: 1
Best member:
12 5 9 19 29 24 4 15 25 1 31 13 2 8 27 28 21 7 10 23 16 11 26 30 6 3 18 20 22 14 17 
293 834.221 1.19872 1.16936 0.00923237
Generasi Ke-293
Jarak Total: 860.45
Solusi Optimal: 1
Best member:
12 5 19 9 29 24 4 15 25 1 31 13 2 8 27 28 21 7 10 23 16 11 26 30 6 14 22 20 18 3 17 
294 834.221 1.19872 1.16923 0.00927994
Generasi Ke-294
Jarak Total: 860.149
Solusi Optimal: 1
Best member:
12 5 29 9 19 24 4 15 25 1 31 13 2 8 27 28 21 7 10 23 16 11 26 30 6 3 18 20 22 14 17 
295 834.221 1.19872 1.16993 0.00975181
Generasi Ke-295
Jarak Total: 856.506
Solusi Optimal: 1
Best member:
12 5 9 19 29 24 4 15 25 1 31 13 2 8 27 28 21 7 10 23 16 11 26 30 6 14 22 20 18 3 17 
296 834.221 1.19872 1.17032 0.00960643
Generasi Ke-296
Jarak Total: 860.149
Solusi Optimal: 1
Best member:
12 5 29 9 19 24 4 15 25 1 31 13 2 8 27 28 21 7 10 23 16 11 26 30 6 3 18 20 22 14 17 
297 833.801 1.19933 1.17081 0.0100162
Generasi Ke-297
Jarak Total: 856.506
Solusi Optimal: 1
Best member:
12 5 9 19 29 24 4 15 25 1 31 13 2 8 27 28 21 7 10 23 16 11 26 30 6 3 18 20 22 14 17 
298 833.801 1.19933 1.17083 0.00997905
Generasi Ke-298
Jarak Total: 860.45
Solusi Optimal: 1
Best member:
12 5 19 9 29 24 4 15 25 1 31 13 2 8 27 28 21 7 10 23 16 11 26 30 6 14 22 20 18 3 17 
299 833.801 1.19933 1.17189 0.0104522
Generasi Ke-299
Jarak Total: 856.506
Solusi Optimal: 1
Best member:
12 5 9 19 29 24 4 15 25 1 31 13 2 8 27 28 21 7 10 23 16 11 26 30 6 3 18 20 22 14 17 
300 833.801 1.19933 1.17277 0.0108138
Generasi Ke-300
Jarak Total: 843.053
Solusi Optimal: 1
Best member:
12 5 9 29 24 4 15 25 1 31 13 2 8 27 28 21 7 19 10 23 16 11 26 30 6 3 18 20 22 14 17 
301 833.801 1.19933 1.17337 0.0105773
Generasi Ke-301
Jarak Total: 843.053
Solusi Optimal: 1
Best member:
12 5 9 29 24 4 15 25 1 31 13 2 8 27 28 21 7 19 10 23 16 11 26 30 6 3 18 20 22 14 17 
302 833.801 1.19933 1.17406 0.0105122
Generasi Ke-302
Jarak Total: 860.45
Solusi Optimal: 1
Best member:
12 5 19 9 29 24 4 15 25 1 31 13 2 8 27 28 21 7 10 23 16 11 26 30 6 14 22 20 18 3 17 
303 833.801 1.19933 1.17484 0.0104118
Generasi Ke-303
Jarak Total: 843.053
Solusi Optimal: 1
Best member:
12 5 9 29 24 4 15 25 1 31 13 2 8 27 28 21 7 19 10 23 16 11 26 30 6 3 18 20 22 14 17 
304 833.801 1.19933 1.17529 0.0103305
Generasi Ke-304
Jarak Total: 856.506
Solusi Optimal: 1
Best member:
12 5 9 19 29 24 4 15 25 1 31 13 2 8 27 28 21 7 10 23 16 11 26 30 6 3 18 20 22 14 17 
305 833.801 1.19933 1.17511 0.010329
Generasi Ke-305
Jarak Total: 855.042
Solusi Optimal: 1
Best member:
12 5 29 9 19 24 15 25 1 31 13 2 8 27 28 21 7 10 23 16 11 26 30 6 4 3 18 20 22 14 17 
306 833.801 1.19933 1.17499 0.0103397
Generasi Ke-306
Jarak Total: 843.053
Solusi Optimal: 1
Best member:
12 5 9 29 24 4 15 25 1 31 13 2 8 27 28 21 7 19 10 23 16 11 26 30 6 3 18 20 22 14 17 
307 833.801 1.19933 1.17482 0.0101446
Generasi Ke-307
Jarak Total: 855.042
Solusi Optimal: 1
Best member:
12 5 29 9 19 24 15 25 1 31 13 2 8 27 28 21 7 10 23 16 11 26 30 6 4 3 18 20 22 14 17 
308 833.801 1.19933 1.17521 0.0102608
Generasi Ke-308
Jarak Total: 843.053
Solusi Optimal: 1
Best member:
12 5 9 29 24 4 15 25 1 31 13 2 8 27 28 21 7 19 10 23 16 11 26 30 6 3 18 20 22 14 17 
309 833.801 1.19933 1.17636 0.010303
Generasi Ke-309
Jarak Total: 860.149
Solusi Optimal: 1
Best member:
12 5 29 9 19 24 4 15 25 1 6 30 26 11 16 23 10 7 21 28 27 8 2 13 31 3 18 20 22 14 17 
310 833.801 1.19933 1.17645 0.0101665
Generasi Ke-310
Jarak Total: 843.053
Solusi Optimal: 1
Best member:
12 5 9 29 24 4 15 25 1 31 13 2 8 27 28 21 7 19 10 23 16 11 26 30 6 3 18 20 22 14 17 
311 833.801 1.19933 1.17701 0.0100838
Generasi Ke-311
Jarak Total: 860.45
Solusi Optimal: 1
Best member:
12 5 19 9 29 24 4 15 25 1 31 13 2 8 27 28 21 7 10 23 16 11 26 30 6 3 18 20 22 14 17 
312 833.801 1.19933 1.17704 0.0101349
Generasi Ke-312
Jarak Total: 855.042
Solusi Optimal: 1
Best member:
12 5 29 9 19 24 15 25 1 31 13 2 8 27 28 21 7 10 23 16 11 26 30 6 4 3 18 20 22 14 17 
313 833.801 1.19933 1.17696 0.00997848
Generasi Ke-313
Jarak Total: 855.042
Solusi Optimal: 1
Best member:
12 5 29 9 19 24 15 25 1 31 13 2 8 27 28 21 7 10 23 16 11 26 30 6 4 3 18 20 22 14 17 
314 833.801 1.19933 1.17806 0.00965671
Generasi Ke-314
Jarak Total: 843.053
Solusi Optimal: 1
Best member:
12 5 9 29 24 4 15 25 1 31 13 2 8 27 28 21 7 19 10 23 16 11 26 30 6 3 18 20 22 14 17 
315 833.801 1.19933 1.17765 0.00973427
Generasi Ke-315
Jarak Total: 855.042
Solusi Optimal: 1
Best member:
12 5 29 9 19 24 15 25 1 31 13 2 8 27 28 21 7 10 23 16 11 26 30 6 4 3 18 20 22 14 17 
316 833.801 1.19933 1.17819 0.00974715
Generasi Ke-316
Jarak Total: 843.053
Solusi Optimal: 1
Best member:
12 5 9 29 24 4 15 25 1 31 13 2 8 27 28 21 7 19 10 23 16 11 26 30 6 3 18 20 22 14 17 
317 833.801 1.19933 1.17912 0.00967529
Generasi Ke-317
Jarak Total: 843.053
Solusi Optimal: 1
Best member:
12 5 9 29 24 4 15 25 1 31 13 2 8 27 28 21 7 19 10 23 16 11 26 30 6 3 18 20 22 14 17 
318 833.801 1.19933 1.17872 0.00943477
Generasi Ke-318
Jarak Total: 843.053
Solusi Optimal: 1
Best member:
12 5 9 29 24 4 15 25 1 31 13 2 8 27 28 21 7 19 10 23 16 11 26 30 6 3 18 20 22 14 17 
319 833.801 1.19933 1.17904 0.00937811
Generasi Ke-319
Jarak Total: 843.053
Solusi Optimal: 1
Best member:
12 5 9 29 24 4 15 25 1 31 13 2 8 27 28 21 7 19 10 23 16 11 26 30 6 3 18 20 22 14 17 
320 833.801 1.19933 1.17887 0.00946521
Generasi Ke-320
Jarak Total: 843.053
Solusi Optimal: 1
Best member:
12 5 9 29 24 4 15 25 1 31 13 2 8 27 28 21 7 19 10 23 16 11 26 30 6 3 18 20 22 14 17 
321 833.801 1.19933 1.17908 0.00971747
Generasi Ke-321
Jarak Total: 855.042
Solusi Optimal: 1
Best member:
12 5 29 9 19 24 15 25 1 31 13 2 8 27 28 21 7 10 23 16 11 26 30 6 4 3 18 20 22 14 17 
322 833.801 1.19933 1.17971 0.00956237
Generasi Ke-322
Jarak Total: 843.053
Solusi Optimal: 1
Best member:
12 5 9 29 24 4 15 25 1 31 13 2 8 27 28 21 7 19 10 23 16 11 26 30 6 3 18 20 22 14 17 
323 833.801 1.19933 1.18022 0.0095744
Generasi Ke-323
Jarak Total: 843.053
Solusi Optimal: 1
Best member:
12 5 9 29 24 4 15 25 1 31 13 2 8 27 28 21 7 19 10 23 16 11 26 30 6 3 18 20 22 14 17 
324 833.801 1.19933 1.18091 0.00944054
Generasi Ke-324
Jarak Total: 855.042
Solusi Optimal: 1
Best member:
12 5 29 9 19 24 15 25 1 31 13 2 8 27 28 21 7 10 23 16 11 26 30 6 4 3 18 20 22 14 17 
325 833.801 1.19933 1.18122 0.00920269
Generasi Ke-325
Jarak Total: 843.053
Solusi Optimal: 1
Best member:
12 5 9 29 24 4 15 25 1 31 13 2 8 27 28 21 7 19 10 23 16 11 26 30 6 3 18 20 22 14 17 
326 833.801 1.19933 1.18238 0.00839437
Generasi Ke-326
Jarak Total: 860.149
Solusi Optimal: 1
Best member:
12 5 29 9 19 24 4 15 25 1 31 13 2 8 27 28 21 7 10 23 16 11 26 30 6 3 18 20 22 14 17 
327 833.801 1.19933 1.18298 0.008262
Generasi Ke-327
Jarak Total: 833.801
Solusi Optimal: 1
Best member:
12 5 29 9 19 24 3 4 31 13 2 8 27 28 21 7 10 23 16 11 26 30 6 1 25 15 18 20 22 14 17 
328 833.801 1.19933 1.18339 0.00787316
Generasi Ke-328
Jarak Total: 855.042
Solusi Optimal: 1
Best member:
12 5 29 9 19 24 15 25 1 31 13 2 8 27 28 21 7 10 23 16 11 26 30 6 4 3 18 20 22 14 17 
329 833.801 1.19933 1.18318 0.00786147
Generasi Ke-329
Jarak Total: 843.053
Solusi Optimal: 1
Best member:
12 5 9 29 24 4 15 25 1 31 13 2 8 27 28 21 7 19 10 23 16 11 26 30 6 3 18 20 22 14 17 
330 833.801 1.19933 1.18313 0.00782873
Generasi Ke-330
Jarak Total: 843.053
Solusi Optimal: 1
Best member:
12 5 9 29 24 4 15 25 1 31 13 2 8 27 28 21 7 19 10 23 16 11 26 30 6 3 18 20 22 14 17 
331 833.801 1.19933 1.18348 0.00748514
Generasi Ke-331
Jarak Total: 843.053
Solusi Optimal: 1
Best member:
12 5 9 29 24 4 15 25 1 31 13 2 8 27 28 21 7 19 10 23 16 11 26 30 6 3 18 20 22 14 17 
332 833.801 1.19933 1.18427 0.00673699
Generasi Ke-332
Jarak Total: 843.053
Solusi Optimal: 1
Best member:
12 5 9 29 24 4 15 25 1 31 13 2 8 27 28 21 7 19 10 23 16 11 26 30 6 3 18 20 22 14 17 
333 833.801 1.19933 1.18435 0.0073745
Generasi Ke-333
Jarak Total: 843.053
Solusi Optimal: 1
Best member:
12 5 9 29 24 4 15 25 1 31 13 2 8 27 28 21 7 19 10 23 16 11 26 30 6 3 18 20 22 14 17 
334 833.801 1.19933 1.18393 0.00714823
Generasi Ke-334
Jarak Total: 843.053
Solusi Optimal: 1
Best member:
12 5 9 29 24 4 15 25 1 31 13 2 8 27 28 21 7 19 10 23 16 11 26 30 6 3 18 20 22 14 17 
335 833.801 1.19933 1.18393 0.00715279
Generasi Ke-335
Jarak Total: 843.053
Solusi Optimal: 1
Best member:
12 5 9 29 24 4 15 25 1 31 13 2 8 27 28 21 7 19 10 23 16 11 26 30 6 3 18 20 22 14 17 
336 833.801 1.19933 1.18476 0.00664447
Generasi Ke-336
Jarak Total: 833.801
Solusi Optimal: 1
Best member:
12 5 29 9 19 24 3 4 31 13 2 8 27 28 21 7 10 23 16 11 26 30 6 1 25 15 18 20 22 14 17 
337 833.801 1.19933 1.1851 0.00642911
Generasi Ke-337
Jarak Total: 843.053
Solusi Optimal: 1
Best member:
12 5 9 29 24 4 15 25 1 31 13 2 8 27 28 21 7 19 10 23 16 11 26 30 6 3 18 20 22 14 17 
338 833.801 1.19933 1.18536 0.0061792
Generasi Ke-338
Jarak Total: 843.053
Solusi Optimal: 1
Best member:
12 5 9 29 24 4 15 25 1 31 13 2 8 27 28 21 7 19 10 23 16 11 26 30 6 3 18 20 22 14 17 
339 833.801 1.19933 1.18536 0.0057511
Generasi Ke-339
Jarak Total: 843.053
Solusi Optimal: 1
Best member:
12 5 9 29 24 4 15 25 1 31 13 2 8 27 28 21 7 19 10 23 16 11 26 30 6 3 18 20 22 14 17 
340 833.801 1.19933 1.18535 0.00601465
Generasi Ke-340
Jarak Total: 833.801
Solusi Optimal: 1
Best member:
12 5 29 9 19 24 3 4 31 13 2 8 27 28 21 7 10 23 16 11 26 30 6 1 25 15 18 20 22 14 17 
341 833.801 1.19933 1.18559 0.00622408
Generasi Ke-341
Jarak Total: 843.053
Solusi Optimal: 1
Best member:
12 5 9 29 24 4 15 25 1 31 13 2 8 27 28 21 7 19 10 23 16 11 26 30 6 3 18 20 22 14 17 
342 833.801 1.19933 1.18609 0.00593675
Generasi Ke-342
Jarak Total: 833.801
Solusi Optimal: 1
Best member:
12 5 29 9 19 24 3 4 31 13 2 8 27 28 21 7 10 23 16 11 26 30 6 1 25 15 18 20 22 14 17 
343 833.801 1.19933 1.18611 0.0059444
Generasi Ke-343
Jarak Total: 843.053
Solusi Optimal: 1
Best member:
12 5 9 29 24 4 15 25 1 31 13 2 8 27 28 21 7 19 10 23 16 11 26 30 6 3 18 20 22 14 17 
344 833.801 1.19933 1.1863 0.00585124
Generasi Ke-344
Jarak Total: 843.053
Solusi Optimal: 1
Best member:
12 5 9 29 24 4 15 25 1 31 13 2 8 27 28 21 7 19 10 23 16 11 26 30 6 3 18 20 22 14 17 
345 833.801 1.19933 1.18689 0.00625443
Generasi Ke-345
Jarak Total: 833.801
Solusi Optimal: 1
Best member:
12 5 29 9 19 24 3 4 31 13 2 8 27 28 21 7 10 23 16 11 26 30 6 1 25 15 18 20 22 14 17 
346 833.801 1.19933 1.18683 0.00639197
Generasi Ke-346
Jarak Total: 833.801
Solusi Optimal: 1
Best member:
12 5 29 9 19 24 3 4 31 13 2 8 27 28 21 7 10 23 16 11 26 30 6 1 25 15 18 20 22 14 17 
347 833.801 1.19933 1.18647 0.00653526
Generasi Ke-347
Jarak Total: 843.053
Solusi Optimal: 1
Best member:
12 5 9 29 24 4 15 25 1 31 13 2 8 27 28 21 7 19 10 23 16 11 26 30 6 3 18 20 22 14 17 
348 833.801 1.19933 1.18649 0.00639515
Generasi Ke-348
Jarak Total: 843.053
Solusi Optimal: 1
Best member:
12 5 9 29 24 4 15 25 1 31 13 2 8 27 28 21 7 19 10 23 16 11 26 30 6 3 18 20 22 14 17 
349 833.801 1.19933 1.18659 0.00618741
Generasi Ke-349
Jarak Total: 843.053
Solusi Optimal: 1
Best member:
12 5 9 29 24 4 15 25 1 31 13 2 8 27 28 21 7 19 10 23 16 11 26 30 6 3 18 20 22 14 17 
350 833.801 1.19933 1.1862 0.00628575
Generasi Ke-350
Jarak Total: 855.042
Solusi Optimal: 1
Best member:
12 5 29 9 19 24 15 25 1 31 13 2 8 27 28 21 7 10 23 16 11 26 30 6 4 3 18 20 22 14 17 
351 833.801 1.19933 1.18626 0.00595863
Generasi Ke-351
Jarak Total: 843.053
Solusi Optimal: 1
Best member:
12 5 9 29 24 4 15 25 1 31 13 2 8 27 28 21 7 19 10 23 16 11 26 30 6 3 18 20 22 14 17 
352 833.801 1.19933 1.18639 0.00620665
Generasi Ke-352
Jarak Total: 843.053
Solusi Optimal: 1
Best member:
12 5 9 29 24 4 15 25 1 31 13 2 8 27 28 21 7 19 10 23 16 11 26 30 6 3 18 20 22 14 17 
353 833.801 1.19933 1.18661 0.00669249
Generasi Ke-353
Jarak Total: 843.053
Solusi Optimal: 1
Best member:
12 5 9 29 24 4 15 25 1 31 13 2 8 27 28 21 7 19 10 23 16 11 26 30 6 3 18 20 22 14 17 
354 833.801 1.19933 1.18731 0.00668234
Generasi Ke-354
Jarak Total: 845.563
Solusi Optimal: 1
Best member:
12 5 29 9 24 15 25 1 31 13 2 8 27 28 21 7 19 10 23 16 11 26 30 6 4 3 18 20 22 14 17 
355 833.801 1.19933 1.18708 0.00686722
Generasi Ke-355
Jarak Total: 843.053
Solusi Optimal: 1
Best member:
12 5 9 29 24 4 15 25 1 31 13 2 8 27 28 21 7 19 10 23 16 11 26 30 6 3 18 20 22 14 17 
356 833.801 1.19933 1.18712 0.00673458
Generasi Ke-356
Jarak Total: 843.053
Solusi Optimal: 1
Best member:
12 5 9 29 24 4 15 25 1 31 13 2 8 27 28 21 7 19 10 23 16 11 26 30 6 3 18 20 22 14 17 
357 833.801 1.19933 1.18766 0.00698814
Generasi Ke-357
Jarak Total: 843.053
Solusi Optimal: 1
Best member:
12 5 9 29 24 4 15 25 1 31 13 2 8 27 28 21 7 19 10 23 16 11 26 30 6 3 18 20 22 14 17 
358 833.801 1.19933 1.18827 0.0068013
Generasi Ke-358
Jarak Total: 833.801
Solusi Optimal: 1
Best member:
12 5 29 9 19 24 3 4 31 13 2 8 27 28 21 7 10 23 16 11 26 30 6 1 25 15 18 20 22 14 17 
359 833.801 1.19933 1.18848 0.00641748
Generasi Ke-359
Jarak Total: 843.053
Solusi Optimal: 1
Best member:
12 5 9 29 24 4 15 25 1 31 13 2 8 27 28 21 7 19 10 23 16 11 26 30 6 3 18 20 22 14 17 
360 833.801 1.19933 1.18807 0.00613898
Generasi Ke-360
Jarak Total: 843.053
Solusi Optimal: 1
Best member:
12 5 9 29 24 4 15 25 1 31 13 2 8 27 28 21 7 19 10 23 16 11 26 30 6 3 18 20 22 14 17 
361 833.801 1.19933 1.18821 0.00612357
Generasi Ke-361
Jarak Total: 837.946
Solusi Optimal: 1
Best member:
12 5 9 29 24 15 25 1 31 13 2 8 27 28 21 7 19 10 23 16 11 26 30 6 4 3 18 20 22 14 17 
362 833.801 1.19933 1.18866 0.0058162
Generasi Ke-362
Jarak Total: 843.053
Solusi Optimal: 1
Best member:
12 5 9 29 24 4 15 25 1 31 13 2 8 27 28 21 7 19 10 23 16 11 26 30 6 3 18 20 22 14 17 
363 833.801 1.19933 1.18849 0.00593531
Generasi Ke-363
Jarak Total: 833.801
Solusi Optimal: 1
Best member:
12 5 29 9 19 24 3 4 31 13 2 8 27 28 21 7 10 23 16 11 26 30 6 1 25 15 18 20 22 14 17 
364 833.801 1.19933 1.18826 0.00612226
Generasi Ke-364
Jarak Total: 843.053
Solusi Optimal: 1
Best member:
12 5 9 29 24 4 15 25 1 31 13 2 8 27 28 21 7 19 10 23 16 11 26 30 6 3 18 20 22 14 17 
365 833.801 1.19933 1.18871 0.00618928
Generasi Ke-365
Jarak Total: 833.801
Solusi Optimal: 1
Best member:
12 5 29 9 19 24 3 4 31 13 2 8 27 28 21 7 10 23 16 11 26 30 6 1 25 15 18 20 22 14 17 
366 833.801 1.19933 1.18865 0.00606264
Generasi Ke-366
Jarak Total: 843.053
Solusi Optimal: 1
Best member:
12 5 9 29 24 4 15 25 1 31 13 2 8 27 28 21 7 19 10 23 16 11 26 30 6 3 18 20 22 14 17 
367 833.801 1.19933 1.18819 0.00542392
Generasi Ke-367
Jarak Total: 833.801
Solusi Optimal: 1
Best member:
12 5 29 9 19 24 3 4 31 13 2 8 27 28 21 7 10 23 16 11 26 30 6 1 25 15 18 20 22 14 17 
368 833.801 1.19933 1.18885 0.00569165
Generasi Ke-368
Jarak Total: 843.053
Solusi Optimal: 1
Best member:
12 5 9 29 24 4 15 25 1 31 13 2 8 27 28 21 7 19 10 23 16 11 26 30 6 3 18 20 22 14 17 
369 833.801 1.19933 1.18876 0.00533924
Generasi Ke-369
Jarak Total: 843.053
Solusi Optimal: 1
Best member:
12 5 9 29 24 4 15 25 1 31 13 2 8 27 28 21 7 19 10 23 16 11 26 30 6 3 18 20 22 14 17 
370 833.801 1.19933 1.18887 0.00556538
Generasi Ke-370
Jarak Total: 833.801
Solusi Optimal: 1
Best member:
12 5 29 9 19 24 3 4 31 13 2 8 27 28 21 7 10 23 16 11 26 30 6 1 25 15 18 20 22 14 17 
371 833.801 1.19933 1.189 0.00587411
Generasi Ke-371
Jarak Total: 843.053
Solusi Optimal: 1
Best member:
12 5 9 29 24 4 15 25 1 31 13 2 8 27 28 21 7 19 10 23 16 11 26 30 6 3 18 20 22 14 17 
372 830.158 1.20459 1.18898 0.00586105
Generasi Ke-372
Jarak Total: 843.053
Solusi Optimal: 1
Best member:
12 5 9 29 24 4 15 25 1 31 13 2 8 27 28 21 7 19 10 23 16 11 26 30 6 3 18 20 22 14 17 
373 830.158 1.20459 1.18911 0.00573398
Generasi Ke-373
Jarak Total: 843.053
Solusi Optimal: 1
Best member:
12 5 9 29 24 4 15 25 1 31 13 2 8 27 28 21 7 19 10 23 16 11 26 30 6 3 18 20 22 14 17 
374 830.158 1.20459 1.18962 0.00587303
Generasi Ke-374
Jarak Total: 843.053
Solusi Optimal: 1
Best member:
12 5 9 29 24 4 15 25 1 31 13 2 8 27 28 21 7 19 10 23 16 11 26 30 6 3 18 20 22 14 17 
375 830.158 1.20459 1.18993 0.00589116
Generasi Ke-375
Jarak Total: 830.158
Solusi Optimal: 1
Best member:
12 5 9 19 29 24 3 4 31 13 2 8 27 28 21 7 10 23 16 11 26 30 6 1 25 15 18 20 22 14 17 
376 830.158 1.20459 1.1903 0.00612567
Generasi Ke-376
Jarak Total: 843.053
Solusi Optimal: 1
Best member:
12 5 9 29 24 4 15 25 1 31 13 2 8 27 28 21 7 19 10 23 16 11 26 30 6 3 18 20 22 14 17 
377 830.158 1.20459 1.19071 0.0062798
Generasi Ke-377
Jarak Total: 843.053
Solusi Optimal: 1
Best member:
12 5 9 29 24 4 15 25 1 31 13 2 8 27 28 21 7 19 10 23 16 11 26 30 6 3 18 20 22 14 17 
378 830.158 1.20459 1.19122 0.00637877
Generasi Ke-378
Jarak Total: 833.801
Solusi Optimal: 1
Best member:
12 5 29 9 19 24 3 4 31 13 2 8 27 28 21 14 22 20 18 15 25 1 6 30 26 11 16 23 10 7 17 
379 830.158 1.20459 1.19141 0.00641146
Generasi Ke-379
Jarak Total: 833.801
Solusi Optimal: 1
Best member:
12 5 29 9 19 24 3 4 31 13 2 8 27 28 21 7 10 23 16 11 26 30 6 1 25 15 18 20 22 14 17 
380 830.158 1.20459 1.19124 0.00628828
Generasi Ke-380
Jarak Total: 837.946
Solusi Optimal: 1
Best member:
12 5 9 29 24 15 25 1 31 13 2 8 27 28 21 7 19 10 23 16 11 26 30 6 4 3 18 20 22 14 17 
381 830.158 1.20459 1.19166 0.00630712
Generasi Ke-381
Jarak Total: 843.053
Solusi Optimal: 1
Best member:
12 5 9 29 24 4 15 25 1 31 13 2 8 27 28 21 7 19 10 23 16 11 26 30 6 3 18 20 22 14 17 
382 830.158 1.20459 1.19197 0.0063618
Generasi Ke-382
Jarak Total: 833.801
Solusi Optimal: 1
Best member:
12 5 29 9 19 24 3 4 31 13 2 8 27 28 21 7 10 23 16 11 26 30 6 1 25 15 18 20 22 14 17 
383 830.158 1.20459 1.19212 0.00644096
Generasi Ke-383
Jarak Total: 833.801
Solusi Optimal: 1
Best member:
12 5 29 9 19 24 3 4 31 13 2 8 27 28 21 7 10 23 16 11 26 30 6 1 25 15 18 20 22 14 17 
384 830.158 1.20459 1.19216 0.00649147
Generasi Ke-384
Jarak Total: 833.801
Solusi Optimal: 1
Best member:
12 5 29 9 19 24 3 4 31 13 2 8 27 28 21 7 10 23 16 11 26 30 6 1 25 15 18 20 22 14 17 
385 824.322 1.21312 1.19269 0.00661268
Generasi Ke-385
Jarak Total: 843.053
Solusi Optimal: 1
Best member:
12 5 9 29 24 4 15 25 1 31 13 2 8 27 28 21 7 19 10 23 16 11 26 30 6 3 18 20 22 14 17 
386 824.322 1.21312 1.19282 0.00666331
Generasi Ke-386
Jarak Total: 833.801
Solusi Optimal: 1
Best member:
12 5 29 9 19 24 3 4 31 13 2 8 27 28 21 7 10 23 16 11 26 30 6 1 25 15 18 20 22 14 17 
387 824.322 1.21312 1.19315 0.00664964
Generasi Ke-387
Jarak Total: 843.053
Solusi Optimal: 1
Best member:
12 5 9 29 24 4 15 25 1 31 13 2 8 27 28 21 7 19 10 23 16 11 26 30 6 3 18 20 22 14 17 
388 824.322 1.21312 1.19332 0.00671562
Generasi Ke-388
Jarak Total: 833.801
Solusi Optimal: 1
Best member:
12 5 29 9 19 24 3 4 31 13 2 8 27 28 21 7 10 23 16 11 26 30 6 1 25 15 18 20 22 14 17 
389 824.322 1.21312 1.1936 0.00683623
Generasi Ke-389
Jarak Total: 833.801
Solusi Optimal: 1
Best member:
12 5 29 9 19 24 3 4 31 13 2 8 27 28 21 7 10 23 16 11 26 30 6 1 25 15 18 20 22 14 17 
390 824.322 1.21312 1.19392 0.00665215
Generasi Ke-390
Jarak Total: 843.053
Solusi Optimal: 1
Best member:
12 5 9 29 24 4 15 25 1 31 13 2 8 27 28 21 7 19 10 23 16 11 26 30 6 3 18 20 22 14 17 
391 824.322 1.21312 1.19423 0.00660198
Generasi Ke-391
Jarak Total: 843.053
Solusi Optimal: 1
Best member:
12 5 9 29 24 4 15 25 1 31 13 2 8 27 28 21 7 19 10 23 16 11 26 30 6 3 18 20 22 14 17 
392 824.322 1.21312 1.19427 0.00670153
Generasi Ke-392
Jarak Total: 833.801
Solusi Optimal: 1
Best member:
12 5 29 9 19 24 3 4 31 13 2 8 27 28 21 7 10 23 16 11 26 30 6 1 25 15 18 20 22 14 17 
393 824.322 1.21312 1.19455 0.00649031
Generasi Ke-393
Jarak Total: 833.801
Solusi Optimal: 1
Best member:
12 5 29 9 19 24 3 4 31 13 2 8 27 28 21 7 10 23 16 11 26 30 6 1 25 15 18 20 22 14 17 
394 824.322 1.21312 1.19444 0.00653255
Generasi Ke-394
Jarak Total: 837.946
Solusi Optimal: 1
Best member:
12 5 9 29 24 15 25 1 31 13 2 8 27 28 21 7 19 10 23 16 11 26 30 6 4 3 18 20 22 14 17 
395 819.023 1.22097 1.19485 0.00649929
Generasi Ke-395
Jarak Total: 833.801
Solusi Optimal: 1
Best member:
12 5 29 9 19 24 3 4 31 13 2 8 27 28 21 7 10 23 16 11 26 30 6 1 25 15 18 20 22 14 17 
396 819.023 1.22097 1.19466 0.00691095
Generasi Ke-396
Jarak Total: 843.053
Solusi Optimal: 1
Best member:
12 5 9 29 24 4 15 25 1 31 13 2 8 27 28 21 7 19 10 23 16 11 26 30 6 3 18 20 22 14 17 
397 819.023 1.22097 1.19526 0.00713312
Generasi Ke-397
Jarak Total: 843.053
Solusi Optimal: 1
Best member:
12 5 9 29 24 4 15 25 1 31 13 2 8 27 28 21 7 19 10 23 16 11 26 30 6 3 18 20 22 14 17 
398 819.023 1.22097 1.19492 0.00696062
Generasi Ke-398
Jarak Total: 833.801
Solusi Optimal: 1
Best member:
12 5 29 9 19 24 3 4 31 13 2 8 27 28 21 14 22 20 18 15 25 1 6 30 26 11 16 23 10 7 17 
399 819.023 1.22097 1.19534 0.00681436
Generasi Ke-399
Jarak Total: 833.801
Solusi Optimal: 1
Best member:
12 5 29 9 19 24 3 4 31 13 2 8 27 28 21 7 10 23 16 11 26 30 6 1 25 15 18 20 22 14 17 
400 819.023 1.22097 1.19606 0.00660033
Generasi Ke-400
Jarak Total: 843.053
Solusi Optimal: 1
Best member:
12 5 9 29 24 4 15 25 1 31 13 2 8 27 28 21 7 19 10 23 16 11 26 30 6 3 18 20 22 14 17 
401 819.023 1.22097 1.19657 0.00673172
Generasi Ke-401
Jarak Total: 843.053
Solusi Optimal: 1
Best member:
12 5 9 29 24 4 15 25 1 31 13 2 8 27 28 21 7 19 10 23 16 11 26 30 6 3 18 20 22 14 17 
402 819.023 1.22097 1.19737 0.00639767
Generasi Ke-402
Jarak Total: 833.801
Solusi Optimal: 1
Best member:
12 5 29 9 19 24 3 4 31 13 2 8 27 28 21 7 10 23 16 11 26 30 6 1 25 15 18 20 22 14 17 
403 819.023 1.22097 1.19746 0.00642938
Generasi Ke-403
Jarak Total: 833.801
Solusi Optimal: 1
Best member:
12 5 29 9 19 24 3 4 31 13 2 8 27 28 21 7 10 23 16 11 26 30 6 1 25 15 18 20 22 14 17 
404 819.023 1.22097 1.19754 0.0056161
Generasi Ke-404
Jarak Total: 843.053
Solusi Optimal: 1
Best member:
12 5 9 29 24 4 15 25 1 31 13 2 8 27 28 21 7 19 10 23 16 11 26 30 6 3 18 20 22 14 17 
405 819.023 1.22097 1.19797 0.00488858
Generasi Ke-405
Jarak Total: 833.801
Solusi Optimal: 1
Best member:
12 5 29 9 19 24 3 4 31 13 2 8 27 28 21 7 10 23 16 11 26 30 6 1 25 15 18 20 22 14 17 
406 819.023 1.22097 1.19789 0.00512716
Generasi Ke-406
Jarak Total: 833.801
Solusi Optimal: 1
Best member:
12 5 29 9 19 24 3 4 31 13 2 8 27 28 21 7 10 23 16 11 26 30 6 1 25 15 18 20 22 14 17 
407 816.81 1.22428 1.19831 0.0052482
Generasi Ke-407
Jarak Total: 843.053
Solusi Optimal: 1
Best member:
12 5 9 29 24 4 15 25 1 31 13 2 8 27 28 21 7 19 10 23 16 11 26 30 6 3 18 20 22 14 17 
408 816.81 1.22428 1.1987 0.00461504
Generasi Ke-408
Jarak Total: 833.801
Solusi Optimal: 1
Best member:
12 5 29 9 19 24 3 4 31 13 2 8 27 28 21 14 22 20 18 15 25 1 6 30 26 11 16 23 10 7 17 
409 816.81 1.22428 1.19852 0.00461791
Generasi Ke-409
Jarak Total: 833.801
Solusi Optimal: 1
Best member:
12 5 29 9 19 24 3 4 31 13 2 8 27 28 21 7 10 23 16 11 26 30 6 1 25 15 18 20 22 14 17 
410 816.81 1.22428 1.19867 0.00420897
Generasi Ke-410
Jarak Total: 833.801
Solusi Optimal: 1
Best member:
12 5 29 9 19 24 3 4 31 13 2 8 27 28 21 7 10 23 16 11 26 30 6 1 25 15 18 20 22 14 17 
411 816.81 1.22428 1.19871 0.00418717
Generasi Ke-411
Jarak Total: 833.801
Solusi Optimal: 1
Best member:
12 5 29 9 19 24 3 4 31 13 2 8 27 28 21 7 10 23 16 11 26 30 6 1 25 15 18 20 22 14 17 
412 816.81 1.22428 1.19914 0.00440123
Generasi Ke-412
Jarak Total: 833.801
Solusi Optimal: 1
Best member:
12 5 29 9 19 24 3 4 31 13 2 8 27 28 21 7 10 23 16 11 26 30 6 1 25 15 18 20 22 14 17 
413 816.81 1.22428 1.19928 0.00442892
Generasi Ke-413
Jarak Total: 833.801
Solusi Optimal: 1
Best member:
12 5 29 9 19 24 3 4 31 13 2 8 27 28 21 7 10 23 16 11 26 30 6 1 25 15 18 20 22 14 17 
414 816.81 1.22428 1.19945 0.0044985
Generasi Ke-414
Jarak Total: 833.801
Solusi Optimal: 1
Best member:
12 5 29 9 19 24 3 4 31 13 2 8 27 28 21 7 10 23 16 11 26 30 6 1 25 15 18 20 22 14 17 
415 816.81 1.22428 1.19981 0.00495206
Generasi Ke-415
Jarak Total: 833.801
Solusi Optimal: 1
Best member:
12 5 29 9 19 24 3 4 31 13 2 8 27 28 21 7 10 23 16 11 26 30 6 1 25 15 18 20 22 14 17 
416 811.406 1.23243 1.20017 0.00523631
Generasi Ke-416
Jarak Total: 833.801
Solusi Optimal: 1
Best member:
12 5 29 9 19 24 3 4 31 13 2 8 27 28 21 14 22 20 18 15 25 1 6 30 26 11 16 23 10 7 17 
417 811.406 1.23243 1.20086 0.00626954
Generasi Ke-417
Jarak Total: 833.801
Solusi Optimal: 1
Best member:
12 5 29 9 19 24 3 4 31 13 2 8 27 28 21 7 10 23 16 11 26 30 6 1 25 15 18 20 22 14 17 
418 811.406 1.23243 1.20091 0.00581069
Generasi Ke-418
Jarak Total: 833.801
Solusi Optimal: 1
Best member:
12 5 29 9 19 24 3 4 31 13 2 8 27 28 21 14 22 20 18 15 25 1 6 30 26 11 16 23 10 7 17 
419 811.406 1.23243 1.20118 0.00586782
Generasi Ke-419
Jarak Total: 833.801
Solusi Optimal: 1
Best member:
12 5 29 9 19 24 3 4 31 13 2 8 27 28 21 7 10 23 16 11 26 30 6 1 25 15 18 20 22 14 17 
420 811.406 1.23243 1.20175 0.00637755
Generasi Ke-420
Jarak Total: 833.801
Solusi Optimal: 1
Best member:
12 5 29 9 19 24 3 4 31 13 2 8 27 28 21 7 10 23 16 11 26 30 6 1 25 15 18 20 22 14 17 
421 811.406 1.23243 1.20234 0.00697858
Generasi Ke-421
Jarak Total: 830.158
Solusi Optimal: 1
Best member:
12 5 9 19 29 24 3 4 31 13 2 8 27 28 21 7 10 23 16 11 26 30 6 1 25 15 18 20 22 14 17 
422 811.406 1.23243 1.20258 0.00724987
Generasi Ke-422
Jarak Total: 833.801
Solusi Optimal: 1
Best member:
12 5 29 9 19 24 3 4 31 13 2 8 27 28 21 7 10 23 16 11 26 30 6 1 25 15 18 20 22 14 17 
423 811.406 1.23243 1.20346 0.00802574
Generasi Ke-423
Jarak Total: 833.801
Solusi Optimal: 1
Best member:
12 5 29 9 19 24 3 4 31 13 2 8 27 28 21 14 22 20 18 15 25 1 6 30 26 11 16 23 10 7 17 
424 811.406 1.23243 1.20348 0.0080338
Generasi Ke-424
Jarak Total: 833.801
Solusi Optimal: 1
Best member:
12 5 29 9 19 24 3 4 31 13 2 8 27 28 21 7 10 23 16 11 26 30 6 1 25 15 18 20 22 14 17 
425 811.406 1.23243 1.20415 0.00869891
Generasi Ke-425
Jarak Total: 833.801
Solusi Optimal: 1
Best member:
12 5 29 9 19 24 3 4 31 13 2 8 27 28 21 14 22 20 18 15 25 1 6 30 26 11 16 23 10 7 17 
426 811.406 1.23243 1.20475 0.00903745
Generasi Ke-426
Jarak Total: 833.801
Solusi Optimal: 1
Best member:
12 5 29 9 19 24 3 4 31 13 2 8 27 28 21 7 10 23 16 11 26 30 6 1 25 15 18 20 22 14 17 
427 811.406 1.23243 1.20452 0.0088673
Generasi Ke-427
Jarak Total: 833.801
Solusi Optimal: 1
Best member:
12 5 29 9 19 24 3 4 31 13 2 8 27 28 21 14 22 20 18 15 25 1 6 30 26 11 16 23 10 7 17 
428 811.406 1.23243 1.20462 0.00876216
Generasi Ke-428
Jarak Total: 816.81
Solusi Optimal: 1
Best member:
12 5 9 29 24 3 4 31 13 2 8 27 28 21 7 19 10 23 16 11 26 6 30 1 25 15 18 20 22 14 17 
429 811.406 1.23243 1.20524 0.0090734
Generasi Ke-429
Jarak Total: 833.801
Solusi Optimal: 1
Best member:
12 5 29 9 19 24 3 4 31 13 2 8 27 28 21 14 22 20 18 15 25 1 6 30 26 11 16 23 10 7 17 
430 811.406 1.23243 1.20518 0.00912727
Generasi Ke-430
Jarak Total: 819.023
Solusi Optimal: 1
Best member:
12 5 29 9 24 3 4 31 13 2 8 27 28 21 14 22 20 18 15 25 1 6 26 11 30 16 23 10 19 7 17 
431 811.406 1.23243 1.20524 0.00928605
Generasi Ke-431
Jarak Total: 830.158
Solusi Optimal: 1
Best member:
12 5 9 19 29 24 3 4 31 13 2 8 27 28 21 7 10 23 16 11 26 30 6 1 25 15 18 20 22 14 17 
432 811.406 1.23243 1.20543 0.00958267
Generasi Ke-432
Jarak Total: 833.801
Solusi Optimal: 1
Best member:
12 5 29 9 19 24 3 4 31 13 2 8 27 28 21 14 22 20 18 15 25 1 6 30 26 11 16 23 10 7 17 
433 811.406 1.23243 1.20504 0.00914876
Generasi Ke-433
Jarak Total: 833.801
Solusi Optimal: 1
Best member:
12 5 29 9 19 24 3 4 31 13 2 8 27 28 21 14 22 20 18 15 25 1 6 30 26 11 16 23 10 7 17 
434 811.406 1.23243 1.20553 0.0094573
Generasi Ke-434
Jarak Total: 833.801
Solusi Optimal: 1
Best member:
12 5 29 9 19 24 3 4 31 13 2 8 27 28 21 14 22 20 18 15 25 1 6 30 26 11 16 23 10 7 17 
435 811.406 1.23243 1.20602 0.00961459
Generasi Ke-435
Jarak Total: 833.801
Solusi Optimal: 1
Best member:
12 5 29 9 19 24 3 4 31 13 2 8 27 28 21 7 10 23 16 11 26 30 6 1 25 15 18 20 22 14 17 
436 811.406 1.23243 1.2064 0.0098542
Generasi Ke-436
Jarak Total: 819.023
Solusi Optimal: 1
Best member:
12 5 29 9 24 3 4 31 13 2 8 27 28 21 14 22 20 18 15 25 1 6 26 11 30 16 23 10 19 7 17 
437 811.406 1.23243 1.20723 0.0101158
Generasi Ke-437
Jarak Total: 819.023
Solusi Optimal: 1
Best member:
12 5 29 9 24 3 4 31 13 2 8 27 28 21 14 22 20 18 15 25 1 6 26 11 30 16 23 10 19 7 17 
438 811.406 1.23243 1.20694 0.00993028
Generasi Ke-438
Jarak Total: 833.801
Solusi Optimal: 1
Best member:
12 5 29 9 19 24 3 4 31 13 2 8 27 28 21 14 22 20 18 15 25 1 6 30 26 11 16 23 10 7 17 
439 811.406 1.23243 1.20744 0.0103066
Generasi Ke-439
Jarak Total: 833.801
Solusi Optimal: 1
Best member:
12 5 29 9 19 24 3 4 31 13 2 8 27 28 21 7 10 23 16 11 26 30 6 1 25 15 18 20 22 14 17 
440 811.406 1.23243 1.20788 0.0106274
Generasi Ke-440
Jarak Total: 811.406
Solusi Optimal: 1
Best member:
12 5 9 29 24 3 4 31 13 2 8 27 28 21 14 22 20 18 15 25 1 6 26 11 30 16 23 10 19 7 17 
441 811.406 1.23243 1.20803 0.0108226
Generasi Ke-441
Jarak Total: 833.801
Solusi Optimal: 1
Best member:
12 5 29 9 19 24 3 4 31 13 2 8 27 28 21 14 22 20 18 15 25 1 6 30 26 11 16 23 10 7 17 
442 811.406 1.23243 1.20789 0.010759
Generasi Ke-442
Jarak Total: 816.81
Solusi Optimal: 1
Best member:
12 5 9 29 24 3 4 31 13 2 8 27 28 21 7 19 10 23 16 11 26 6 30 1 25 15 18 20 22 14 17 
443 811.406 1.23243 1.20905 0.0113552
Generasi Ke-443
Jarak Total: 816.81
Solusi Optimal: 1
Best member:
12 5 9 29 24 3 4 31 13 2 8 27 28 21 7 19 10 23 16 11 26 6 30 1 25 15 18 20 22 14 17 
444 811.406 1.23243 1.20872 0.0113419
Generasi Ke-444
Jarak Total: 819.023
Solusi Optimal: 1
Best member:
12 5 29 9 24 3 4 31 13 2 8 27 28 21 14 22 20 18 15 25 1 6 26 11 30 16 23 10 19 7 17 
445 811.406 1.23243 1.20836 0.0111357
Generasi Ke-445
Jarak Total: 833.801
Solusi Optimal: 1
Best member:
12 5 29 9 19 24 3 4 31 13 2 8 27 28 21 7 10 23 16 11 26 30 6 1 25 15 18 20 22 14 17 
446 811.406 1.23243 1.20918 0.0117032
Generasi Ke-446
Jarak Total: 833.801
Solusi Optimal: 1
Best member:
12 5 29 9 19 24 3 4 31 13 2 8 27 28 21 14 22 20 18 15 25 1 6 30 26 11 16 23 10 7 17 
447 811.406 1.23243 1.20903 0.0119272
Generasi Ke-447
Jarak Total: 833.801
Solusi Optimal: 1
Best member:
12 5 29 9 19 24 3 4 31 13 2 8 27 28 21 7 10 23 16 11 26 30 6 1 25 15 18 20 22 14 17 
448 811.406 1.23243 1.20976 0.0122497
Generasi Ke-448
Jarak Total: 819.023
Solusi Optimal: 1
Best member:
12 5 29 9 24 3 4 31 13 2 8 27 28 21 14 22 20 18 15 25 1 6 26 11 30 16 23 10 19 7 17 
449 811.406 1.23243 1.21103 0.0125054
Generasi Ke-449
Jarak Total: 811.406
Solusi Optimal: 1
Best member:
12 5 9 29 24 3 4 31 13 2 8 27 28 21 14 22 20 18 15 25 1 6 26 11 30 16 23 10 19 7 17 
450 811.406 1.23243 1.21158 0.01259
Generasi Ke-450
Jarak Total: 816.81
Solusi Optimal: 1
Best member:
12 5 9 29 24 3 4 31 13 2 8 27 28 21 7 19 10 23 16 11 26 6 30 1 25 15 18 20 22 14 17 
451 811.406 1.23243 1.21179 0.0127751
Generasi Ke-451
Jarak Total: 819.023
Solusi Optimal: 1
Best member:
12 5 29 9 24 3 4 31 13 2 8 27 28 21 14 22 20 18 15 25 1 6 26 11 30 16 23 10 19 7 17 
452 811.406 1.23243 1.21301 0.0125855
Generasi Ke-452
Jarak Total: 819.023
Solusi Optimal: 1
Best member:
12 5 29 9 24 3 4 31 13 2 8 27 28 21 14 22 20 18 15 25 1 6 26 11 30 16 23 10 19 7 17 
453 811.406 1.23243 1.21347 0.0123735
Generasi Ke-453
Jarak Total: 833.801
Solusi Optimal: 1
Best member:
12 5 29 9 19 24 3 4 31 13 2 8 27 28 21 14 22 20 18 15 25 1 6 30 26 11 16 23 10 7 17 
454 811.406 1.23243 1.21272 0.0121079
Generasi Ke-454
Jarak Total: 833.801
Solusi Optimal: 1
Best member:
12 5 29 9 19 24 3 4 31 13 2 8 27 28 21 7 10 23 16 11 26 30 6 1 25 15 18 20 22 14 17 
455 811.406 1.23243 1.21303 0.012314
Generasi Ke-455
Jarak Total: 819.023
Solusi Optimal: 1
Best member:
12 5 29 9 24 3 4 31 13 2 8 27 28 21 14 22 20 18 15 25 1 6 26 11 30 16 23 10 19 7 17 
456 811.406 1.23243 1.21324 0.012462
Generasi Ke-456
Jarak Total: 819.023
Solusi Optimal: 1
Best member:
12 5 29 9 24 3 4 31 13 2 8 27 28 21 14 22 20 18 15 25 1 6 26 11 30 16 23 10 19 7 17 
457 811.406 1.23243 1.21415 0.0124556
Generasi Ke-457
Jarak Total: 833.801
Solusi Optimal: 1
Best member:
12 5 29 9 19 24 3 4 31 13 2 8 27 28 21 7 10 23 16 11 26 30 6 1 25 15 18 20 22 14 17 
458 811.406 1.23243 1.21495 0.0123576
Generasi Ke-458
Jarak Total: 819.023
Solusi Optimal: 1
Best member:
12 5 29 9 24 3 4 31 13 2 8 27 28 21 14 22 20 18 15 25 1 6 26 11 30 16 23 10 19 7 17 
459 811.406 1.23243 1.21618 0.0127047
Generasi Ke-459
Jarak Total: 819.023
Solusi Optimal: 1
Best member:
12 5 29 9 24 3 4 7 19 10 23 16 30 11 26 6 1 25 15 18 20 22 14 21 28 27 8 2 13 31 17 
460 811.406 1.23243 1.21699 0.0128406
Generasi Ke-460
Jarak Total: 816.81
Solusi Optimal: 1
Best member:
12 5 9 29 24 3 4 31 13 2 8 27 28 21 7 19 10 23 16 11 26 6 30 1 25 15 18 20 22 14 17 
461 811.406 1.23243 1.21677 0.0128297
Generasi Ke-461
Jarak Total: 819.023
Solusi Optimal: 1
Best member:
12 5 29 9 24 3 4 31 13 2 8 27 28 21 14 22 20 18 15 25 1 6 26 11 30 16 23 10 19 7 17 
462 811.406 1.23243 1.21704 0.0129593
Generasi Ke-462
Jarak Total: 819.023
Solusi Optimal: 1
Best member:
12 5 29 9 24 3 4 31 13 2 8 27 28 21 14 22 20 18 15 25 1 6 26 11 30 16 23 10 19 7 17 
463 811.406 1.23243 1.2166 0.0131199
Generasi Ke-463
Jarak Total: 816.705
Solusi Optimal: 1
Best member:
12 5 9 29 24 3 4 31 13 2 8 27 28 21 7 19 10 23 16 11 26 30 6 1 25 15 18 20 22 14 17 
464 811.406 1.23243 1.21715 0.0134738
Generasi Ke-464
Jarak Total: 816.705
Solusi Optimal: 1
Best member:
12 5 9 29 24 3 4 31 13 2 8 27 28 21 14 22 20 18 15 25 1 6 30 26 11 16 23 10 19 7 17 
465 811.406 1.23243 1.21763 0.0133858
Generasi Ke-465
Jarak Total: 833.801
Solusi Optimal: 1
Best member:
12 5 29 9 19 24 3 4 31 13 2 8 27 28 21 14 22 20 18 15 25 1 6 30 26 11 16 23 10 7 17 
466 811.406 1.23243 1.21821 0.0133864
Generasi Ke-466
Jarak Total: 811.406
Solusi Optimal: 1
Best member:
12 5 9 29 24 3 4 31 13 2 8 27 28 21 14 22 20 18 15 25 1 6 26 11 30 16 23 10 19 7 17 
467 811.406 1.23243 1.21889 0.0132652
Generasi Ke-467
Jarak Total: 811.406
Solusi Optimal: 1
Best member:
12 5 9 29 24 3 4 31 13 2 8 27 28 21 14 22 20 18 15 25 1 6 26 11 30 16 23 10 19 7 17 
468 811.406 1.23243 1.21888 0.0132811
Generasi Ke-468
Jarak Total: 833.801
Solusi Optimal: 1
Best member:
12 5 29 9 19 24 3 4 31 13 2 8 27 28 21 14 22 20 18 15 25 1 6 30 26 11 16 23 10 7 17 
469 811.406 1.23243 1.21941 0.0133471
Generasi Ke-469
Jarak Total: 819.023
Solusi Optimal: 1
Best member:
12 5 29 9 24 3 4 31 13 2 8 27 28 21 14 22 20 18 15 25 1 6 26 11 30 16 23 10 19 7 17 
470 811.406 1.23243 1.21916 0.0135575
Generasi Ke-470
Jarak Total: 833.801
Solusi Optimal: 1
Best member:
12 5 29 9 19 24 3 4 31 13 2 8 27 28 21 14 22 20 18 15 25 1 6 30 26 11 16 23 10 7 17 
471 811.406 1.23243 1.21952 0.0131276
Generasi Ke-471
Jarak Total: 811.406
Solusi Optimal: 1
Best member:
12 5 9 29 24 3 4 7 19 10 23 16 30 11 26 6 14 22 20 18 15 25 1 21 28 27 8 2 13 31 17 
472 808.763 1.23646 1.21976 0.0129985
Generasi Ke-472
Jarak Total: 811.406
Solusi Optimal: 1
Best member:
12 5 9 29 24 3 4 31 13 2 8 27 28 21 14 22 20 18 15 25 1 6 26 11 30 16 23 10 19 7 17 
473 808.763 1.23646 1.2205 0.012665
Generasi Ke-473
Jarak Total: 819.023
Solusi Optimal: 1
Best member:
12 5 29 9 24 3 4 7 19 10 23 16 30 11 26 6 1 25 15 18 20 22 14 21 28 27 8 2 13 31 17 
474 808.763 1.23646 1.22081 0.0126379
Generasi Ke-474
Jarak Total: 811.406
Solusi Optimal: 1
Best member:
12 5 9 29 24 3 4 31 13 2 8 27 28 21 14 22 20 18 15 25 1 6 26 11 30 16 23 10 19 7 17 
475 808.763 1.23646 1.22096 0.0123807
Generasi Ke-475
Jarak Total: 833.801
Solusi Optimal: 1
Best member:
12 5 29 9 19 24 3 4 31 13 2 8 27 28 21 14 22 20 18 15 25 1 6 30 26 11 16 23 10 7 17 
476 808.763 1.23646 1.22092 0.0123643
Generasi Ke-476
Jarak Total: 819.023
Solusi Optimal: 1
Best member:
12 5 29 9 24 3 4 31 13 2 8 27 28 21 14 22 20 18 15 25 1 6 26 11 30 16 23 10 19 7 17 
477 808.763 1.23646 1.22102 0.0127474
Generasi Ke-477
Jarak Total: 819.023
Solusi Optimal: 1
Best member:
12 5 29 9 24 3 4 31 13 2 8 27 28 21 14 22 20 18 15 25 1 6 26 11 30 16 23 10 19 7 17 
478 808.763 1.23646 1.22126 0.0131127
Generasi Ke-478
Jarak Total: 833.801
Solusi Optimal: 1
Best member:
12 5 29 9 19 24 3 4 31 13 2 8 27 28 21 7 10 23 16 11 26 30 6 1 25 15 18 20 22 14 17 
479 798.627 1.25215 1.22173 0.0128701
Generasi Ke-479
Jarak Total: 811.406
Solusi Optimal: 1
Best member:
12 5 9 29 24 3 4 31 13 2 8 27 28 21 14 22 20 18 15 25 1 6 26 11 30 16 23 10 19 7 17 
480 795.984 1.25631 1.22164 0.0130709
Generasi Ke-480
Jarak Total: 819.023
Solusi Optimal: 1
Best member:
12 5 29 9 24 3 4 31 13 2 8 27 28 21 14 22 20 18 15 25 1 6 26 11 30 16 23 10 19 7 17 
481 795.984 1.25631 1.2225 0.012339
Generasi Ke-481
Jarak Total: 811.406
Solusi Optimal: 1
Best member:
12 5 9 29 24 3 4 31 13 2 8 27 28 21 14 22 20 18 15 25 1 6 26 11 30 16 23 10 19 7 17 
482 795.984 1.25631 1.22279 0.0123653
Generasi Ke-482
Jarak Total: 811.406
Solusi Optimal: 1
Best member:
12 5 9 29 24 3 4 31 13 2 8 27 28 21 14 22 20 18 15 25 1 6 26 11 30 16 23 10 19 7 17 
483 795.984 1.25631 1.22247 0.0123657
Generasi Ke-483
Jarak Total: 808.763
Solusi Optimal: 1
Best member:
12 5 9 29 24 3 4 7 19 10 23 16 30 11 26 6 13 2 8 27 28 21 1 25 15 18 20 22 14 31 17 
484 795.984 1.25631 1.22284 0.0121625
Generasi Ke-484
Jarak Total: 833.801
Solusi Optimal: 1
Best member:
12 5 29 9 19 24 3 4 31 13 2 8 27 28 21 14 22 20 18 15 25 1 6 30 26 11 16 23 10 7 17 
485 795.984 1.25631 1.22343 0.0113716
Generasi Ke-485
Jarak Total: 833.801
Solusi Optimal: 1
Best member:
12 5 29 9 19 24 3 4 31 13 2 8 27 28 21 7 10 23 16 11 26 30 6 1 25 15 18 20 22 14 17 
486 795.984 1.25631 1.22425 0.0109127
Generasi Ke-486
Jarak Total: 833.801
Solusi Optimal: 1
Best member:
12 5 29 9 19 24 3 4 31 13 2 8 27 28 21 7 10 23 16 11 26 30 6 1 25 15 18 20 22 14 17 
487 795.984 1.25631 1.22474 0.0104753
Generasi Ke-487
Jarak Total: 833.801
Solusi Optimal: 1
Best member:
12 5 29 9 19 24 3 4 31 13 2 8 27 28 21 14 22 20 18 15 25 1 6 30 26 11 16 23 10 7 17 
488 795.984 1.25631 1.22493 0.0103881
Generasi Ke-488
Jarak Total: 811.406
Solusi Optimal: 1
Best member:
12 5 9 29 24 3 4 31 13 2 8 27 28 21 14 22 20 18 15 25 1 6 26 11 30 16 23 10 19 7 17 
489 795.984 1.25631 1.22536 0.0101106
Generasi Ke-489
Jarak Total: 816.705
Solusi Optimal: 1
Best member:
12 5 9 29 24 3 4 31 13 2 8 27 28 21 14 22 20 18 15 25 1 6 30 26 11 16 23 10 19 7 17 
490 795.984 1.25631 1.22494 0.0103184
Generasi Ke-490
Jarak Total: 833.801
Solusi Optimal: 1
Best member:
12 5 29 9 19 24 3 4 31 13 2 8 27 28 21 14 22 20 18 15 25 1 6 30 26 11 16 23 10 7 17 
491 795.984 1.25631 1.22526 0.0103393
Generasi Ke-491
Jarak Total: 811.406
Solusi Optimal: 1
Best member:
12 5 9 29 24 3 4 31 13 2 8 27 28 21 14 22 20 18 15 25 1 6 26 11 30 16 23 10 19 7 17 
492 795.984 1.25631 1.22565 0.0101773
Generasi Ke-492
Jarak Total: 811.406
Solusi Optimal: 1
Best member:
12 5 9 29 24 3 4 31 13 2 8 27 28 21 14 22 20 18 15 25 1 6 26 11 30 16 23 10 19 7 17 
493 795.984 1.25631 1.22617 0.00989903
Generasi Ke-493
Jarak Total: 833.801
Solusi Optimal: 1
Best member:
12 5 29 9 19 24 3 4 31 13 2 8 27 28 21 7 10 23 16 11 26 30 6 1 25 15 18 20 22 14 17 
494 795.984 1.25631 1.22647 0.00949819
Generasi Ke-494
Jarak Total: 811.406
Solusi Optimal: 1
Best member:
12 5 9 29 24 3 4 31 13 2 8 27 28 21 14 22 20 18 15 25 1 6 26 11 30 16 23 10 19 7 17 
495 795.984 1.25631 1.22628 0.00959984
Generasi Ke-495
Jarak Total: 819.023
Solusi Optimal: 1
Best member:
12 5 29 9 24 3 4 7 19 10 23 16 30 11 26 6 1 25 15 18 20 22 14 21 28 27 8 2 13 31 17 
496 795.984 1.25631 1.22665 0.00938259
Generasi Ke-496
Jarak Total: 811.406
Solusi Optimal: 1
Best member:
12 5 9 29 24 3 4 7 19 10 23 16 30 11 26 6 14 22 20 18 15 25 1 21 28 27 8 2 13 31 17 
497 795.984 1.25631 1.22675 0.00916392
Generasi Ke-497
Jarak Total: 833.801
Solusi Optimal: 1
Best member:
12 5 29 9 19 24 3 4 31 13 2 8 27 28 21 14 22 20 18 15 25 1 6 30 26 11 16 23 10 7 17 
498 795.984 1.25631 1.22612 0.00946319
Generasi Ke-498
Jarak Total: 811.406
Solusi Optimal: 1
Best member:
12 5 9 29 24 3 4 7 19 10 23 16 30 11 26 6 14 22 20 18 15 25 1 21 28 27 8 2 13 31 17 
499 795.984 1.25631 1.22656 0.00937482
Generasi Ke-499
Jarak Total: 811.406
Solusi Optimal: 1
Best member:
12 5 9 29 24 3 4 31 13 2 8 27 28 21 14 22 20 18 15 25 1 6 26 11 30 16 23 10 19 7 17 
500 795.984 1.25631 1.22735 0.00888437
Generasi Ke-500
Jarak Total: 795.984
Solusi Optimal: 1
Best member:
12 5 29 24 3 4 7 9 19 10 23 16 30 11 26 6 13 2 8 27 28 21 1 25 15 18 20 22 14 31 17 
SELESAI!!!
Jarak Total: 795.984
Solusi Optimal: 1
Best member:
12 5 29 24 3 4 7 9 19 10 23 16 30 11 26 6 13 2 8 27 28 21 1 25 15 18 20 22 14 31 17 
